5.52534e-10
4.41361e-13
5.52534e-10
4.41361e-13
5.52534e-10
4.41361e-13
5.52534e-10
4.41361e-13
5.52534e-10
4.41361e-13
5.52534e-10
4.41361e-13
5.52534e-10
4.41361e-13
8.83393e-09
5.52534e-10
-8.83305e-09
4.41361e-13
5.52534e-10
4.41361e-13
5.52534e-10
4.41361e-13
5.52534e-10
4.41361e-13
5.52534e-10
4.41361e-13
5.52534e-10
4.41361e-13
5.52534e-10
4.41361e-13
5.52534e-10
4.41361e-13
5.52534e-10
4.41361e-13
5.52534e-10
4.41361e-13
5.52534e-10
4.41361e-13
5.52534e-10
4.41361e-13
5.52534e-10
4.41361e-13
5.52534e-10
4.41361e-13
5.52534e-10
4.41361e-13
5.52534e-10
4.41361e-13
5.52534e-10
4.41361e-13
5.52534e-10
4.41361e-13
5.52534e-10
4.41361e-13
5.52534e-10
4.41361e-13
8.83393e-09
5.52534e-10
4.41361e-13
4.41361e-13
5.52534e-10
4.41361e-13
5.52534e-10
4.41361e-13
5.52534e-10
4.41361e-13
5.52534e-10
4.41361e-13
5.52534e-10
4.41361e-13
5.52534e-10
4.41361e-13
5.52534e-10
4.41361e-13
5.52534e-10
4.41361e-13
5.52534e-10
4.41361e-13
5.52534e-10
4.41361e-13
5.52534e-10
4.41361e-13
5.52534e-10
4.41361e-13
5.52534e-10
4.41361e-13
5.52534e-10
4.41361e-13
5.52534e-10
4.41361e-13
5.52534e-10
4.41361e-13
5.52534e-10
4.41361e-13
5.52534e-10
4.41361e-13
5.52534e-10
4.41361e-13
8.83393e-09
5.52534e-10
4.41361e-13
4.41361e-13
5.52534e-10
4.41361e-13
5.52534e-10
4.41361e-13
5.52534e-10
4.41361e-13
5.52534e-10
4.41361e-13
5.52534e-10
4.41361e-13
5.52534e-10
4.41361e-13
5.52534e-10
4.41361e-13
5.52534e-10
4.41361e-13
5.52534e-10
4.41361e-13
5.52534e-10
4.41361e-13
5.52534e-10
4.41361e-13
5.37092e-10
4.41361e-13
5.37092e-10
4.41361e-13
5.37092e-10
4.41361e-13
5.37092e-10
4.41361e-13
5.37092e-10
4.41361e-13
5.37092e-10
4.41361e-13
5.37092e-10
4.41361e-13
8.58685e-09
5.37092e-10
-8.58597e-09
4.41361e-13
5.37092e-10
4.41361e-13
5.37092e-10
4.41361e-13
5.37092e-10
4.41361e-13
5.37092e-10
4.41361e-13
5.37092e-10
4.41361e-13
5.37092e-10
4.41361e-13
5.37092e-10
4.41361e-13
5.37092e-10
4.41361e-13
5.37092e-10
4.41361e-13
5.37092e-10
4.41361e-13
5.37092e-10
4.41361e-13
5.37092e-10
4.41361e-13
5.37092e-10
4.41361e-13
5.37092e-10
4.41361e-13
5.37092e-10
4.41361e-13
5.37092e-10
4.41361e-13
5.37092e-10
4.41361e-13
5.37092e-10
4.41361e-13
5.37092e-10
4.41361e-13
8.58685e-09
5.37092e-10
4.41361e-13
4.41361e-13
5.37092e-10
4.41361e-13
5.37092e-10
4.41361e-13
5.37092e-10
4.41361e-13
5.37092e-10
4.41361e-13
5.37092e-10
4.41361e-13
5.37092e-10
4.41361e-13
5.37092e-10
4.41361e-13
5.37092e-10
4.41361e-13
5.37092e-10
4.41361e-13
5.37092e-10
4.41361e-13
5.37092e-10
4.41361e-13
5.37092e-10
4.41361e-13
5.37092e-10
4.41361e-13
5.37092e-10
4.41361e-13
5.37092e-10
4.41361e-13
5.37092e-10
4.41361e-13
5.37092e-10
4.41361e-13
5.37092e-10
4.41361e-13
5.37092e-10
4.41361e-13
8.58685e-09
5.37092e-10
4.41361e-13
4.41361e-13
5.37092e-10
4.41361e-13
5.37092e-10
4.41361e-13
5.37092e-10
4.41361e-13
5.37092e-10
4.41361e-13
5.37092e-10
4.41361e-13
5.37092e-10
4.41361e-13
5.37092e-10
4.41361e-13
5.37092e-10
4.41361e-13
5.37092e-10
4.41361e-13
5.37092e-10
4.41361e-13
5.37092e-10
4.41361e-13
5.22289e-10
4.41361e-13
5.22289e-10
4.41361e-13
5.22289e-10
4.41361e-13
5.22289e-10
4.41361e-13
5.22289e-10
4.41361e-13
5.22289e-10
4.41361e-13
5.22289e-10
4.41361e-13
8.35e-09
5.22289e-10
-8.34911e-09
4.41361e-13
5.22289e-10
4.41361e-13
5.22289e-10
4.41361e-13
5.22289e-10
4.41361e-13
5.22289e-10
4.41361e-13
5.22289e-10
4.41361e-13
5.22289e-10
4.41361e-13
5.22289e-10
4.41361e-13
5.22289e-10
4.41361e-13
5.22289e-10
4.41361e-13
5.22289e-10
4.41361e-13
5.22289e-10
4.41361e-13
5.22289e-10
4.41361e-13
5.22289e-10
4.41361e-13
5.22289e-10
4.41361e-13
5.22289e-10
4.41361e-13
5.22289e-10
4.41361e-13
5.22289e-10
4.41361e-13
5.22289e-10
4.41361e-13
5.22289e-10
4.41361e-13
8.35e-09
5.22289e-10
4.41361e-13
4.41361e-13
5.22289e-10
4.41361e-13
5.22289e-10
4.41361e-13
5.22289e-10
4.41361e-13
5.22289e-10
4.41361e-13
5.22289e-10
4.41361e-13
5.22289e-10
4.41361e-13
5.22289e-10
4.41361e-13
5.22289e-10
4.41361e-13
5.22289e-10
4.41361e-13
5.22289e-10
4.41361e-13
5.22289e-10
4.41361e-13
5.22289e-10
4.41361e-13
5.22289e-10
4.41361e-13
5.22289e-10
4.41361e-13
5.22289e-10
4.41361e-13
5.22289e-10
4.41361e-13
5.22289e-10
4.41361e-13
5.22289e-10
4.41361e-13
5.22289e-10
4.41361e-13
8.35e-09
5.22289e-10
4.41361e-13
4.41361e-13
5.22289e-10
4.41361e-13
5.22289e-10
4.41361e-13
5.22289e-10
4.41361e-13
5.22289e-10
4.41361e-13
5.22289e-10
4.41361e-13
5.22289e-10
4.41361e-13
5.22289e-10
4.41361e-13
5.22289e-10
4.41361e-13
5.22289e-10
4.41361e-13
5.22289e-10
4.41361e-13
5.22289e-10
4.41361e-13
5.08089e-10
4.41361e-13
5.08089e-10
4.41361e-13
5.08089e-10
4.41361e-13
5.08089e-10
4.41361e-13
5.08089e-10
4.41361e-13
5.08089e-10
4.41361e-13
5.08089e-10
4.41361e-13
8.12281e-09
5.08089e-10
-8.12193e-09
4.41361e-13
5.08089e-10
4.41361e-13
5.08089e-10
4.41361e-13
5.08089e-10
4.41361e-13
5.08089e-10
4.41361e-13
5.08089e-10
4.41361e-13
5.08089e-10
4.41361e-13
5.08089e-10
4.41361e-13
5.08089e-10
4.41361e-13
5.08089e-10
4.41361e-13
5.08089e-10
4.41361e-13
5.08089e-10
4.41361e-13
5.08089e-10
4.41361e-13
5.08089e-10
4.41361e-13
5.08089e-10
4.41361e-13
5.08089e-10
4.41361e-13
5.08089e-10
4.41361e-13
5.08089e-10
4.41361e-13
5.08089e-10
4.41361e-13
5.08089e-10
4.41361e-13
8.12281e-09
5.08089e-10
4.41361e-13
4.41361e-13
5.08089e-10
4.41361e-13
5.08089e-10
4.41361e-13
5.08089e-10
4.41361e-13
5.08089e-10
4.41361e-13
5.08089e-10
4.41361e-13
5.08089e-10
4.41361e-13
5.08089e-10
4.41361e-13
5.08089e-10
4.41361e-13
5.08089e-10
4.41361e-13
5.08089e-10
4.41361e-13
5.08089e-10
4.41361e-13
5.08089e-10
4.41361e-13
5.08089e-10
4.41361e-13
5.08089e-10
4.41361e-13
5.08089e-10
4.41361e-13
5.08089e-10
4.41361e-13
5.08089e-10
4.41361e-13
5.08089e-10
4.41361e-13
5.08089e-10
4.41361e-13
8.12281e-09
5.08089e-10
4.41361e-13
4.41361e-13
5.08089e-10
4.41361e-13
5.08089e-10
4.41361e-13
5.08089e-10
4.41361e-13
5.08089e-10
4.41361e-13
5.08089e-10
4.41361e-13
5.08089e-10
4.41361e-13
5.08089e-10
4.41361e-13
5.08089e-10
4.41361e-13
5.08089e-10
4.41361e-13
5.08089e-10
4.41361e-13
5.08089e-10
4.41361e-13
4.94462e-10
4.41361e-13
4.94462e-10
4.41361e-13
4.94462e-10
4.41361e-13
4.94462e-10
4.41361e-13
4.94462e-10
4.41361e-13
4.94462e-10
4.41361e-13
4.94462e-10
4.41361e-13
7.90477e-09
4.94462e-10
-7.90389e-09
4.41361e-13
4.94462e-10
4.41361e-13
4.94462e-10
4.41361e-13
4.94462e-10
4.41361e-13
4.94462e-10
4.41361e-13
4.94462e-10
4.41361e-13
4.94462e-10
4.41361e-13
4.94462e-10
4.41361e-13
4.94462e-10
4.41361e-13
4.94462e-10
4.41361e-13
4.94462e-10
4.41361e-13
4.94462e-10
4.41361e-13
4.94462e-10
4.41361e-13
4.94462e-10
4.41361e-13
4.94462e-10
4.41361e-13
4.94462e-10
4.41361e-13
4.94462e-10
4.41361e-13
4.94462e-10
4.41361e-13
4.94462e-10
4.41361e-13
4.94462e-10
4.41361e-13
7.90477e-09
4.94462e-10
4.41361e-13
4.41361e-13
4.94462e-10
4.41361e-13
4.94462e-10
4.41361e-13
4.94462e-10
4.41361e-13
4.94462e-10
4.41361e-13
4.94462e-10
4.41361e-13
4.94462e-10
4.41361e-13
4.94462e-10
4.41361e-13
4.94462e-10
4.41361e-13
4.94462e-10
4.41361e-13
4.94462e-10
4.41361e-13
4.94462e-10
4.41361e-13
4.94462e-10
4.41361e-13
4.94462e-10
4.41361e-13
4.94462e-10
4.41361e-13
4.94462e-10
4.41361e-13
4.94462e-10
4.41361e-13
4.94462e-10
4.41361e-13
4.94462e-10
4.41361e-13
4.94462e-10
4.41361e-13
7.90477e-09
4.94462e-10
4.41361e-13
4.41361e-13
4.94462e-10
4.41361e-13
4.94462e-10
4.41361e-13
4.94462e-10
4.41361e-13
4.94462e-10
4.41361e-13
4.94462e-10
4.41361e-13
4.94462e-10
4.41361e-13
4.94462e-10
4.41361e-13
4.94462e-10
4.41361e-13
4.94462e-10
4.41361e-13
4.94462e-10
4.41361e-13
4.94462e-10
4.41361e-13
4.81376e-10
4.41361e-13
4.81376e-10
4.41361e-13
4.81376e-10
4.41361e-13
4.81376e-10
4.41361e-13
4.81376e-10
4.41361e-13
4.81376e-10
4.41361e-13
4.81376e-10
4.41361e-13
7.69539e-09
4.81376e-10
-7.69451e-09
4.41361e-13
4.81376e-10
4.41361e-13
4.81376e-10
4.41361e-13
4.81376e-10
4.41361e-13
4.81376e-10
4.41361e-13
4.81376e-10
4.41361e-13
4.81376e-10
4.41361e-13
4.81376e-10
4.41361e-13
4.81376e-10
4.41361e-13
4.81376e-10
4.41361e-13
4.81376e-10
4.41361e-13
4.81376e-10
4.41361e-13
4.81376e-10
4.41361e-13
4.81376e-10
4.41361e-13
4.81376e-10
4.41361e-13
4.81376e-10
4.41361e-13
4.81376e-10
4.41361e-13
4.81376e-10
4.41361e-13
4.81376e-10
4.41361e-13
4.81376e-10
4.41361e-13
7.69539e-09
4.81376e-10
4.41361e-13
4.41361e-13
4.81376e-10
4.41361e-13
4.81376e-10
4.41361e-13
4.81376e-10
4.41361e-13
4.81376e-10
4.41361e-13
4.81376e-10
4.41361e-13
4.81376e-10
4.41361e-13
4.81376e-10
4.41361e-13
4.81376e-10
4.41361e-13
4.81376e-10
4.41361e-13
4.81376e-10
4.41361e-13
4.81376e-10
4.41361e-13
4.81376e-10
4.41361e-13
4.81376e-10
4.41361e-13
4.81376e-10
4.41361e-13
4.81376e-10
4.41361e-13
4.81376e-10
4.41361e-13
4.81376e-10
4.41361e-13
4.81376e-10
4.41361e-13
4.81376e-10
4.41361e-13
7.69539e-09
4.81376e-10
4.41361e-13
4.41361e-13
4.81376e-10
4.41361e-13
4.81376e-10
4.41361e-13
4.81376e-10
4.41361e-13
4.81376e-10
4.41361e-13
4.81376e-10
4.41361e-13
4.81376e-10
4.41361e-13
4.81376e-10
4.41361e-13
4.81376e-10
4.41361e-13
4.81376e-10
4.41361e-13
4.81376e-10
4.41361e-13
4.81376e-10
4.41361e-13
4.68803e-10
4.41361e-13
4.68803e-10
4.41361e-13
4.68803e-10
4.41361e-13
4.68803e-10
4.41361e-13
4.68803e-10
4.41361e-13
4.68803e-10
4.41361e-13
4.68803e-10
4.41361e-13
7.49422e-09
4.68803e-10
-7.49334e-09
4.41361e-13
4.68803e-10
4.41361e-13
4.68803e-10
4.41361e-13
4.68803e-10
4.41361e-13
4.68803e-10
4.41361e-13
4.68803e-10
4.41361e-13
4.68803e-10
4.41361e-13
4.68803e-10
4.41361e-13
4.68803e-10
4.41361e-13
4.68803e-10
4.41361e-13
4.68803e-10
4.41361e-13
4.68803e-10
4.41361e-13
4.68803e-10
4.41361e-13
4.68803e-10
4.41361e-13
4.68803e-10
4.41361e-13
4.68803e-10
4.41361e-13
4.68803e-10
4.41361e-13
4.68803e-10
4.41361e-13
4.68803e-10
4.41361e-13
4.68803e-10
4.41361e-13
7.49422e-09
4.68803e-10
4.41361e-13
4.41361e-13
4.68803e-10
4.41361e-13
4.68803e-10
4.41361e-13
4.68803e-10
4.41361e-13
4.68803e-10
4.41361e-13
4.68803e-10
4.41361e-13
4.68803e-10
4.41361e-13
4.68803e-10
4.41361e-13
4.68803e-10
4.41361e-13
4.68803e-10
4.41361e-13
4.68803e-10
4.41361e-13
4.68803e-10
4.41361e-13
4.68803e-10
4.41361e-13
4.68803e-10
4.41361e-13
4.68803e-10
4.41361e-13
4.68803e-10
4.41361e-13
4.68803e-10
4.41361e-13
4.68803e-10
4.41361e-13
4.68803e-10
4.41361e-13
4.68803e-10
4.41361e-13
7.49422e-09
4.68803e-10
4.41361e-13
4.41361e-13
4.68803e-10
4.41361e-13
4.68803e-10
4.41361e-13
4.68803e-10
4.41361e-13
4.68803e-10
4.41361e-13
4.68803e-10
4.41361e-13
4.68803e-10
4.41361e-13
4.68803e-10
4.41361e-13
4.68803e-10
4.41361e-13
4.68803e-10
4.41361e-13
4.68803e-10
4.41361e-13
4.68803e-10
4.41361e-13
4.56717e-10
4.41361e-13
4.56717e-10
4.41361e-13
4.56717e-10
4.41361e-13
4.56717e-10
4.41361e-13
4.56717e-10
4.41361e-13
4.56717e-10
4.41361e-13
4.56717e-10
4.41361e-13
7.30084e-09
4.56717e-10
-7.29996e-09
4.41361e-13
4.56717e-10
4.41361e-13
4.56717e-10
4.41361e-13
4.56717e-10
4.41361e-13
4.56717e-10
4.41361e-13
4.56717e-10
4.41361e-13
4.56717e-10
4.41361e-13
4.56717e-10
4.41361e-13
4.56717e-10
4.41361e-13
4.56717e-10
4.41361e-13
4.56717e-10
4.41361e-13
4.56717e-10
4.41361e-13
4.56717e-10
4.41361e-13
4.56717e-10
4.41361e-13
4.56717e-10
4.41361e-13
4.56717e-10
4.41361e-13
4.56717e-10
4.41361e-13
4.56717e-10
4.41361e-13
4.56717e-10
4.41361e-13
4.56717e-10
4.41361e-13
7.30084e-09
4.56717e-10
4.41361e-13
4.41361e-13
4.56717e-10
4.41361e-13
4.56717e-10
4.41361e-13
4.56717e-10
4.41361e-13
4.56717e-10
4.41361e-13
4.56717e-10
4.41361e-13
4.56717e-10
4.41361e-13
4.56717e-10
4.41361e-13
4.56717e-10
4.41361e-13
4.56717e-10
4.41361e-13
4.56717e-10
4.41361e-13
4.56717e-10
4.41361e-13
4.56717e-10
4.41361e-13
4.56717e-10
4.41361e-13
4.56717e-10
4.41361e-13
4.56717e-10
4.41361e-13
4.56717e-10
4.41361e-13
4.56717e-10
4.41361e-13
4.56717e-10
4.41361e-13
4.56717e-10
4.41361e-13
7.30084e-09
4.56717e-10
4.41361e-13
4.41361e-13
4.56717e-10
4.41361e-13
4.56717e-10
4.41361e-13
4.56717e-10
4.41361e-13
4.56717e-10
4.41361e-13
4.56717e-10
4.41361e-13
4.56717e-10
4.41361e-13
4.56717e-10
4.41361e-13
4.56717e-10
4.41361e-13
4.56717e-10
4.41361e-13
4.56717e-10
4.41361e-13
4.56717e-10
4.41361e-13
4.45092e-10
4.41361e-13
4.45092e-10
4.41361e-13
4.45092e-10
4.41361e-13
4.45092e-10
4.41361e-13
4.45092e-10
4.41361e-13
4.45092e-10
4.41361e-13
4.45092e-10
4.41361e-13
7.11485e-09
4.45092e-10
-7.11397e-09
4.41361e-13
4.45092e-10
4.41361e-13
4.45092e-10
4.41361e-13
4.45092e-10
4.41361e-13
4.45092e-10
4.41361e-13
4.45092e-10
4.41361e-13
4.45092e-10
4.41361e-13
4.45092e-10
4.41361e-13
4.45092e-10
4.41361e-13
4.45092e-10
4.41361e-13
4.45092e-10
4.41361e-13
4.45092e-10
4.41361e-13
4.45092e-10
4.41361e-13
4.45092e-10
4.41361e-13
4.45092e-10
4.41361e-13
4.45092e-10
4.41361e-13
4.45092e-10
4.41361e-13
4.45092e-10
4.41361e-13
4.45092e-10
4.41361e-13
4.45092e-10
4.41361e-13
7.11485e-09
4.45092e-10
4.41361e-13
4.41361e-13
4.45092e-10
4.41361e-13
4.45092e-10
4.41361e-13
4.45092e-10
4.41361e-13
4.45092e-10
4.41361e-13
4.45092e-10
4.41361e-13
4.45092e-10
4.41361e-13
4.45092e-10
4.41361e-13
4.45092e-10
4.41361e-13
4.45092e-10
4.41361e-13
4.45092e-10
4.41361e-13
4.45092e-10
4.41361e-13
4.45092e-10
4.41361e-13
4.45092e-10
4.41361e-13
4.45092e-10
4.41361e-13
4.45092e-10
4.41361e-13
4.45092e-10
4.41361e-13
4.45092e-10
4.41361e-13
4.45092e-10
4.41361e-13
4.45092e-10
4.41361e-13
7.11485e-09
4.45092e-10
4.41361e-13
4.41361e-13
4.45092e-10
4.41361e-13
4.45092e-10
4.41361e-13
4.45092e-10
4.41361e-13
4.45092e-10
4.41361e-13
4.45092e-10
4.41361e-13
4.45092e-10
4.41361e-13
4.45092e-10
4.41361e-13
4.45092e-10
4.41361e-13
4.45092e-10
4.41361e-13
4.45092e-10
4.41361e-13
4.45092e-10
4.41361e-13
4.33906e-10
4.41361e-13
4.33906e-10
4.41361e-13
4.33906e-10
4.41361e-13
4.33906e-10
4.41361e-13
4.33906e-10
4.41361e-13
4.33906e-10
4.41361e-13
4.33906e-10
4.41361e-13
6.93588e-09
4.33906e-10
-6.935e-09
4.41361e-13
4.33906e-10
4.41361e-13
4.33906e-10
4.41361e-13
4.33906e-10
4.41361e-13
4.33906e-10
4.41361e-13
4.33906e-10
4.41361e-13
4.33906e-10
4.41361e-13
4.33906e-10
4.41361e-13
4.33906e-10
4.41361e-13
4.33906e-10
4.41361e-13
4.33906e-10
4.41361e-13
4.33906e-10
4.41361e-13
4.33906e-10
4.41361e-13
4.33906e-10
4.41361e-13
4.33906e-10
4.41361e-13
4.33906e-10
4.41361e-13
4.33906e-10
4.41361e-13
4.33906e-10
4.41361e-13
4.33906e-10
4.41361e-13
4.33906e-10
4.41361e-13
6.93588e-09
4.33906e-10
4.41361e-13
4.41361e-13
4.33906e-10
4.41361e-13
4.33906e-10
4.41361e-13
4.33906e-10
4.41361e-13
4.33906e-10
4.41361e-13
4.33906e-10
4.41361e-13
4.33906e-10
4.41361e-13
4.33906e-10
4.41361e-13
4.33906e-10
4.41361e-13
4.33906e-10
4.41361e-13
4.33906e-10
4.41361e-13
4.33906e-10
4.41361e-13
4.33906e-10
4.41361e-13
4.33906e-10
4.41361e-13
4.33906e-10
4.41361e-13
4.33906e-10
4.41361e-13
4.33906e-10
4.41361e-13
4.33906e-10
4.41361e-13
4.33906e-10
4.41361e-13
4.33906e-10
4.41361e-13
6.93588e-09
4.33906e-10
4.41361e-13
4.41361e-13
4.33906e-10
4.41361e-13
4.33906e-10
4.41361e-13
4.33906e-10
4.41361e-13
4.33906e-10
4.41361e-13
4.33906e-10
4.41361e-13
4.33906e-10
4.41361e-13
4.33906e-10
4.41361e-13
4.33906e-10
4.41361e-13
4.33906e-10
4.41361e-13
4.33906e-10
4.41361e-13
4.33906e-10
4.41361e-13
4.23138e-10
4.41361e-13
4.23138e-10
4.41361e-13
4.23138e-10
4.41361e-13
4.23138e-10
4.41361e-13
4.23138e-10
4.41361e-13
4.23138e-10
4.41361e-13
4.23138e-10
4.41361e-13
6.76358e-09
4.23138e-10
-6.7627e-09
4.41361e-13
4.23138e-10
4.41361e-13
4.23138e-10
4.41361e-13
4.23138e-10
4.41361e-13
4.23138e-10
4.41361e-13
4.23138e-10
4.41361e-13
4.23138e-10
4.41361e-13
4.23138e-10
4.41361e-13
4.23138e-10
4.41361e-13
4.23138e-10
4.41361e-13
4.23138e-10
4.41361e-13
4.23138e-10
4.41361e-13
4.23138e-10
4.41361e-13
4.23138e-10
4.41361e-13
4.23138e-10
4.41361e-13
4.23138e-10
4.41361e-13
4.23138e-10
4.41361e-13
4.23138e-10
4.41361e-13
4.23138e-10
4.41361e-13
4.23138e-10
4.41361e-13
6.76358e-09
4.23138e-10
4.41361e-13
4.41361e-13
4.23138e-10
4.41361e-13
4.23138e-10
4.41361e-13
4.23138e-10
4.41361e-13
4.23138e-10
4.41361e-13
4.23138e-10
4.41361e-13
4.23138e-10
4.41361e-13
4.23138e-10
4.41361e-13
4.23138e-10
4.41361e-13
4.23138e-10
4.41361e-13
4.23138e-10
4.41361e-13
4.23138e-10
4.41361e-13
4.23138e-10
4.41361e-13
4.23138e-10
4.41361e-13
4.23138e-10
4.41361e-13
4.23138e-10
4.41361e-13
4.23138e-10
4.41361e-13
4.23138e-10
4.41361e-13
4.23138e-10
4.41361e-13
4.23138e-10
4.41361e-13
6.76358e-09
4.23138e-10
4.41361e-13
4.41361e-13
4.23138e-10
4.41361e-13
4.23138e-10
4.41361e-13
4.23138e-10
4.41361e-13
4.23138e-10
4.41361e-13
4.23138e-10
4.41361e-13
4.23138e-10
4.41361e-13
4.23138e-10
4.41361e-13
4.23138e-10
4.41361e-13
4.23138e-10
4.41361e-13
4.23138e-10
4.41361e-13
4.23138e-10
4.41361e-13
4.12765e-10
4.41361e-13
4.12765e-10
4.41361e-13
4.12765e-10
4.41361e-13
4.12765e-10
4.41361e-13
4.12765e-10
4.41361e-13
4.12765e-10
4.41361e-13
4.12765e-10
4.41361e-13
6.59762e-09
4.12765e-10
-6.59674e-09
4.41361e-13
4.12765e-10
4.41361e-13
4.12765e-10
4.41361e-13
4.12765e-10
4.41361e-13
4.12765e-10
4.41361e-13
4.12765e-10
4.41361e-13
4.12765e-10
4.41361e-13
4.12765e-10
4.41361e-13
4.12765e-10
4.41361e-13
4.12765e-10
4.41361e-13
4.12765e-10
4.41361e-13
4.12765e-10
4.41361e-13
4.12765e-10
4.41361e-13
4.12765e-10
4.41361e-13
4.12765e-10
4.41361e-13
4.12765e-10
4.41361e-13
4.12765e-10
4.41361e-13
4.12765e-10
4.41361e-13
4.12765e-10
4.41361e-13
4.12765e-10
4.41361e-13
6.59762e-09
4.12765e-10
4.41361e-13
4.41361e-13
4.12765e-10
4.41361e-13
4.12765e-10
4.41361e-13
4.12765e-10
4.41361e-13
4.12765e-10
4.41361e-13
4.12765e-10
4.41361e-13
4.12765e-10
4.41361e-13
4.12765e-10
4.41361e-13
4.12765e-10
4.41361e-13
4.12765e-10
4.41361e-13
4.12765e-10
4.41361e-13
4.12765e-10
4.41361e-13
4.12765e-10
4.41361e-13
4.12765e-10
4.41361e-13
4.12765e-10
4.41361e-13
4.12765e-10
4.41361e-13
4.12765e-10
4.41361e-13
4.12765e-10
4.41361e-13
4.12765e-10
4.41361e-13
4.12765e-10
4.41361e-13
6.59762e-09
4.12765e-10
4.41361e-13
4.41361e-13
4.12765e-10
4.41361e-13
4.12765e-10
4.41361e-13
4.12765e-10
4.41361e-13
4.12765e-10
4.41361e-13
4.12765e-10
4.41361e-13
4.12765e-10
4.41361e-13
4.12765e-10
4.41361e-13
4.12765e-10
4.41361e-13
4.12765e-10
4.41361e-13
4.12765e-10
4.41361e-13
4.12765e-10
4.41361e-13
4.0277e-10
4.41361e-13
4.0277e-10
4.41361e-13
4.0277e-10
4.41361e-13
4.0277e-10
4.41361e-13
4.0277e-10
4.41361e-13
4.0277e-10
4.41361e-13
4.0277e-10
4.41361e-13
6.43769e-09
4.0277e-10
-6.43681e-09
4.41361e-13
4.0277e-10
4.41361e-13
4.0277e-10
4.41361e-13
4.0277e-10
4.41361e-13
4.0277e-10
4.41361e-13
4.0277e-10
4.41361e-13
4.0277e-10
4.41361e-13
4.0277e-10
4.41361e-13
4.0277e-10
4.41361e-13
4.0277e-10
4.41361e-13
4.0277e-10
4.41361e-13
4.0277e-10
4.41361e-13
4.0277e-10
4.41361e-13
4.0277e-10
4.41361e-13
4.0277e-10
4.41361e-13
4.0277e-10
4.41361e-13
4.0277e-10
4.41361e-13
4.0277e-10
4.41361e-13
4.0277e-10
4.41361e-13
4.0277e-10
4.41361e-13
6.43769e-09
4.0277e-10
4.41361e-13
4.41361e-13
4.0277e-10
4.41361e-13
4.0277e-10
4.41361e-13
4.0277e-10
4.41361e-13
4.0277e-10
4.41361e-13
4.0277e-10
4.41361e-13
4.0277e-10
4.41361e-13
4.0277e-10
4.41361e-13
4.0277e-10
4.41361e-13
4.0277e-10
4.41361e-13
4.0277e-10
4.41361e-13
4.0277e-10
4.41361e-13
4.0277e-10
4.41361e-13
4.0277e-10
4.41361e-13
4.0277e-10
4.41361e-13
4.0277e-10
4.41361e-13
4.0277e-10
4.41361e-13
4.0277e-10
4.41361e-13
4.0277e-10
4.41361e-13
4.0277e-10
4.41361e-13
6.43769e-09
4.0277e-10
4.41361e-13
4.41361e-13
4.0277e-10
4.41361e-13
4.0277e-10
4.41361e-13
4.0277e-10
4.41361e-13
4.0277e-10
4.41361e-13
4.0277e-10
4.41361e-13
4.0277e-10
4.41361e-13
4.0277e-10
4.41361e-13
4.0277e-10
4.41361e-13
4.0277e-10
4.41361e-13
4.0277e-10
4.41361e-13
4.0277e-10
4.41361e-13
3.93133e-10
4.41361e-13
3.93133e-10
4.41361e-13
3.93133e-10
4.41361e-13
3.93133e-10
4.41361e-13
3.93133e-10
4.41361e-13
3.93133e-10
4.41361e-13
3.93133e-10
4.41361e-13
6.28351e-09
3.93133e-10
-6.28263e-09
4.41361e-13
3.93133e-10
4.41361e-13
3.93133e-10
4.41361e-13
3.93133e-10
4.41361e-13
3.93133e-10
4.41361e-13
3.93133e-10
4.41361e-13
3.93133e-10
4.41361e-13
3.93133e-10
4.41361e-13
3.93133e-10
4.41361e-13
3.93133e-10
4.41361e-13
3.93133e-10
4.41361e-13
3.93133e-10
4.41361e-13
3.93133e-10
4.41361e-13
3.93133e-10
4.41361e-13
3.93133e-10
4.41361e-13
3.93133e-10
4.41361e-13
3.93133e-10
4.41361e-13
3.93133e-10
4.41361e-13
3.93133e-10
4.41361e-13
3.93133e-10
4.41361e-13
6.28351e-09
3.93133e-10
4.41361e-13
4.41361e-13
3.93133e-10
4.41361e-13
3.93133e-10
4.41361e-13
3.93133e-10
4.41361e-13
3.93133e-10
4.41361e-13
3.93133e-10
4.41361e-13
3.93133e-10
4.41361e-13
3.93133e-10
4.41361e-13
3.93133e-10
4.41361e-13
3.93133e-10
4.41361e-13
3.93133e-10
4.41361e-13
3.93133e-10
4.41361e-13
3.93133e-10
4.41361e-13
3.93133e-10
4.41361e-13
3.93133e-10
4.41361e-13
3.93133e-10
4.41361e-13
3.93133e-10
4.41361e-13
3.93133e-10
4.41361e-13
3.93133e-10
4.41361e-13
3.93133e-10
4.41361e-13
6.28351e-09
3.93133e-10
4.41361e-13
4.41361e-13
3.93133e-10
4.41361e-13
3.93133e-10
4.41361e-13
3.93133e-10
4.41361e-13
3.93133e-10
4.41361e-13
3.93133e-10
4.41361e-13
3.93133e-10
4.41361e-13
3.93133e-10
4.41361e-13
3.93133e-10
4.41361e-13
3.93133e-10
4.41361e-13
3.93133e-10
4.41361e-13
3.93133e-10
4.41361e-13
3.83839e-10
4.41361e-13
3.83839e-10
4.41361e-13
3.83839e-10
4.41361e-13
3.83839e-10
4.41361e-13
3.83839e-10
4.41361e-13
3.83839e-10
4.41361e-13
3.83839e-10
4.41361e-13
6.13481e-09
3.83839e-10
-6.13393e-09
4.41361e-13
3.83839e-10
4.41361e-13
3.83839e-10
4.41361e-13
3.83839e-10
4.41361e-13
3.83839e-10
4.41361e-13
3.83839e-10
4.41361e-13
3.83839e-10
4.41361e-13
3.83839e-10
4.41361e-13
3.83839e-10
4.41361e-13
3.83839e-10
4.41361e-13
3.83839e-10
4.41361e-13
3.83839e-10
4.41361e-13
3.83839e-10
4.41361e-13
3.83839e-10
4.41361e-13
3.83839e-10
4.41361e-13
3.83839e-10
4.41361e-13
3.83839e-10
4.41361e-13
3.83839e-10
4.41361e-13
3.83839e-10
4.41361e-13
3.83839e-10
4.41361e-13
6.13481e-09
3.83839e-10
4.41361e-13
4.41361e-13
3.83839e-10
4.41361e-13
3.83839e-10
4.41361e-13
3.83839e-10
4.41361e-13
3.83839e-10
4.41361e-13
3.83839e-10
4.41361e-13
3.83839e-10
4.41361e-13
3.83839e-10
4.41361e-13
3.83839e-10
4.41361e-13
3.83839e-10
4.41361e-13
3.83839e-10
4.41361e-13
3.83839e-10
4.41361e-13
3.83839e-10
4.41361e-13
3.83839e-10
4.41361e-13
3.83839e-10
4.41361e-13
3.83839e-10
4.41361e-13
3.83839e-10
4.41361e-13
3.83839e-10
4.41361e-13
3.83839e-10
4.41361e-13
3.83839e-10
4.41361e-13
6.13481e-09
3.83839e-10
4.41361e-13
4.41361e-13
3.83839e-10
4.41361e-13
3.83839e-10
4.41361e-13
3.83839e-10
4.41361e-13
3.83839e-10
4.41361e-13
3.83839e-10
4.41361e-13
3.83839e-10
4.41361e-13
3.83839e-10
4.41361e-13
3.83839e-10
4.41361e-13
3.83839e-10
4.41361e-13
3.83839e-10
4.41361e-13
3.83839e-10
4.41361e-13
3.74871e-10
4.41361e-13
3.74871e-10
4.41361e-13
3.74871e-10
4.41361e-13
3.74871e-10
4.41361e-13
3.74871e-10
4.41361e-13
3.74871e-10
4.41361e-13
3.74871e-10
4.41361e-13
5.99132e-09
3.74871e-10
-5.99044e-09
4.41361e-13
3.74871e-10
4.41361e-13
3.74871e-10
4.41361e-13
3.74871e-10
4.41361e-13
3.74871e-10
4.41361e-13
3.74871e-10
4.41361e-13
3.74871e-10
4.41361e-13
3.74871e-10
4.41361e-13
3.74871e-10
4.41361e-13
3.74871e-10
4.41361e-13
3.74871e-10
4.41361e-13
3.74871e-10
4.41361e-13
3.74871e-10
4.41361e-13
3.74871e-10
4.41361e-13
3.74871e-10
4.41361e-13
3.74871e-10
4.41361e-13
3.74871e-10
4.41361e-13
3.74871e-10
4.41361e-13
3.74871e-10
4.41361e-13
3.74871e-10
4.41361e-13
5.99132e-09
3.74871e-10
4.41361e-13
4.41361e-13
3.74871e-10
4.41361e-13
3.74871e-10
4.41361e-13
3.74871e-10
4.41361e-13
3.74871e-10
4.41361e-13
3.74871e-10
4.41361e-13
3.74871e-10
4.41361e-13
3.74871e-10
4.41361e-13
3.74871e-10
4.41361e-13
3.74871e-10
4.41361e-13
3.74871e-10
4.41361e-13
3.74871e-10
4.41361e-13
3.74871e-10
4.41361e-13
3.74871e-10
4.41361e-13
3.74871e-10
4.41361e-13
3.74871e-10
4.41361e-13
3.74871e-10
4.41361e-13
3.74871e-10
4.41361e-13
3.74871e-10
4.41361e-13
3.74871e-10
4.41361e-13
5.99132e-09
3.74871e-10
4.41361e-13
4.41361e-13
3.74871e-10
4.41361e-13
3.74871e-10
4.41361e-13
3.74871e-10
4.41361e-13
3.74871e-10
4.41361e-13
3.74871e-10
4.41361e-13
3.74871e-10
4.41361e-13
3.74871e-10
4.41361e-13
3.74871e-10
4.41361e-13
3.74871e-10
4.41361e-13
3.74871e-10
4.41361e-13
3.74871e-10
4.41361e-13
3.66214e-10
4.41361e-13
3.66214e-10
4.41361e-13
3.66214e-10
4.41361e-13
3.66214e-10
4.41361e-13
3.66214e-10
4.41361e-13
3.66214e-10
4.41361e-13
3.66214e-10
4.41361e-13
5.85281e-09
3.66214e-10
-5.85192e-09
4.41361e-13
3.66214e-10
4.41361e-13
3.66214e-10
4.41361e-13
3.66214e-10
4.41361e-13
3.66214e-10
4.41361e-13
3.66214e-10
4.41361e-13
3.66214e-10
4.41361e-13
3.66214e-10
4.41361e-13
3.66214e-10
4.41361e-13
3.66214e-10
4.41361e-13
3.66214e-10
4.41361e-13
3.66214e-10
4.41361e-13
3.66214e-10
4.41361e-13
3.66214e-10
4.41361e-13
3.66214e-10
4.41361e-13
3.66214e-10
4.41361e-13
3.66214e-10
4.41361e-13
3.66214e-10
4.41361e-13
3.66214e-10
4.41361e-13
3.66214e-10
4.41361e-13
5.85281e-09
3.66214e-10
4.41361e-13
4.41361e-13
3.66214e-10
4.41361e-13
3.66214e-10
4.41361e-13
3.66214e-10
4.41361e-13
3.66214e-10
4.41361e-13
3.66214e-10
4.41361e-13
3.66214e-10
4.41361e-13
3.66214e-10
4.41361e-13
3.66214e-10
4.41361e-13
3.66214e-10
4.41361e-13
3.66214e-10
4.41361e-13
3.66214e-10
4.41361e-13
3.66214e-10
4.41361e-13
3.66214e-10
4.41361e-13
3.66214e-10
4.41361e-13
3.66214e-10
4.41361e-13
3.66214e-10
4.41361e-13
3.66214e-10
4.41361e-13
3.66214e-10
4.41361e-13
3.66214e-10
4.41361e-13
5.85281e-09
3.66214e-10
4.41361e-13
4.41361e-13
3.66214e-10
4.41361e-13
3.66214e-10
4.41361e-13
3.66214e-10
4.41361e-13
3.66214e-10
4.41361e-13
3.66214e-10
4.41361e-13
3.66214e-10
4.41361e-13
3.66214e-10
4.41361e-13
3.66214e-10
4.41361e-13
3.66214e-10
4.41361e-13
3.66214e-10
4.41361e-13
3.66214e-10
4.41361e-13
3.57854e-10
4.41361e-13
3.57854e-10
4.41361e-13
3.57854e-10
4.41361e-13
3.57854e-10
4.41361e-13
3.57854e-10
4.41361e-13
3.57854e-10
4.41361e-13
3.57854e-10
4.41361e-13
5.71904e-09
3.57854e-10
-5.71816e-09
4.41361e-13
3.57854e-10
4.41361e-13
3.57854e-10
4.41361e-13
3.57854e-10
4.41361e-13
3.57854e-10
4.41361e-13
3.57854e-10
4.41361e-13
3.57854e-10
4.41361e-13
3.57854e-10
4.41361e-13
3.57854e-10
4.41361e-13
3.57854e-10
4.41361e-13
3.57854e-10
4.41361e-13
3.57854e-10
4.41361e-13
3.57854e-10
4.41361e-13
3.57854e-10
4.41361e-13
3.57854e-10
4.41361e-13
3.57854e-10
4.41361e-13
3.57854e-10
4.41361e-13
3.57854e-10
4.41361e-13
3.57854e-10
4.41361e-13
3.57854e-10
4.41361e-13
5.71904e-09
3.57854e-10
4.41361e-13
4.41361e-13
3.57854e-10
4.41361e-13
3.57854e-10
4.41361e-13
3.57854e-10
4.41361e-13
3.57854e-10
4.41361e-13
3.57854e-10
4.41361e-13
3.57854e-10
4.41361e-13
3.57854e-10
4.41361e-13
3.57854e-10
4.41361e-13
3.57854e-10
4.41361e-13
3.57854e-10
4.41361e-13
3.57854e-10
4.41361e-13
3.57854e-10
4.41361e-13
3.57854e-10
4.41361e-13
3.57854e-10
4.41361e-13
3.57854e-10
4.41361e-13
3.57854e-10
4.41361e-13
3.57854e-10
4.41361e-13
3.57854e-10
4.41361e-13
3.57854e-10
4.41361e-13
5.71904e-09
3.57854e-10
4.41361e-13
4.41361e-13
3.57854e-10
4.41361e-13
3.57854e-10
4.41361e-13
3.57854e-10
4.41361e-13
3.57854e-10
4.41361e-13
3.57854e-10
4.41361e-13
3.57854e-10
4.41361e-13
3.57854e-10
4.41361e-13
3.57854e-10
4.41361e-13
3.57854e-10
4.41361e-13
3.57854e-10
4.41361e-13
3.57854e-10
4.41361e-13
3.49777e-10
4.41361e-13
3.49777e-10
4.41361e-13
3.49777e-10
4.41361e-13
3.49777e-10
4.41361e-13
3.49777e-10
4.41361e-13
3.49777e-10
4.41361e-13
3.49777e-10
4.41361e-13
5.58981e-09
3.49777e-10
-5.58893e-09
4.41361e-13
3.49777e-10
4.41361e-13
3.49777e-10
4.41361e-13
3.49777e-10
4.41361e-13
3.49777e-10
4.41361e-13
3.49777e-10
4.41361e-13
3.49777e-10
4.41361e-13
3.49777e-10
4.41361e-13
3.49777e-10
4.41361e-13
3.49777e-10
4.41361e-13
3.49777e-10
4.41361e-13
3.49777e-10
4.41361e-13
3.49777e-10
4.41361e-13
3.49777e-10
4.41361e-13
3.49777e-10
4.41361e-13
3.49777e-10
4.41361e-13
3.49777e-10
4.41361e-13
3.49777e-10
4.41361e-13
3.49777e-10
4.41361e-13
3.49777e-10
4.41361e-13
5.58981e-09
3.49777e-10
4.41361e-13
4.41361e-13
3.49777e-10
4.41361e-13
3.49777e-10
4.41361e-13
3.49777e-10
4.41361e-13
3.49777e-10
4.41361e-13
3.49777e-10
4.41361e-13
3.49777e-10
4.41361e-13
3.49777e-10
4.41361e-13
3.49777e-10
4.41361e-13
3.49777e-10
4.41361e-13
3.49777e-10
4.41361e-13
3.49777e-10
4.41361e-13
3.49777e-10
4.41361e-13
3.49777e-10
4.41361e-13
3.49777e-10
4.41361e-13
3.49777e-10
4.41361e-13
3.49777e-10
4.41361e-13
3.49777e-10
4.41361e-13
3.49777e-10
4.41361e-13
3.49777e-10
4.41361e-13
5.58981e-09
3.49777e-10
4.41361e-13
4.41361e-13
3.49777e-10
4.41361e-13
3.49777e-10
4.41361e-13
3.49777e-10
4.41361e-13
3.49777e-10
4.41361e-13
3.49777e-10
4.41361e-13
3.49777e-10
4.41361e-13
3.49777e-10
4.41361e-13
3.49777e-10
4.41361e-13
3.49777e-10
4.41361e-13
3.49777e-10
4.41361e-13
3.49777e-10
4.41361e-13
3.41971e-10
4.41361e-13
3.41971e-10
4.41361e-13
3.41971e-10
4.41361e-13
3.41971e-10
4.41361e-13
3.41971e-10
4.41361e-13
3.41971e-10
4.41361e-13
3.41971e-10
4.41361e-13
5.46491e-09
3.41971e-10
-5.46403e-09
4.41361e-13
3.41971e-10
4.41361e-13
3.41971e-10
4.41361e-13
3.41971e-10
4.41361e-13
3.41971e-10
4.41361e-13
3.41971e-10
4.41361e-13
3.41971e-10
4.41361e-13
3.41971e-10
4.41361e-13
3.41971e-10
4.41361e-13
3.41971e-10
4.41361e-13
3.41971e-10
4.41361e-13
3.41971e-10
4.41361e-13
3.41971e-10
4.41361e-13
3.41971e-10
4.41361e-13
3.41971e-10
4.41361e-13
3.41971e-10
4.41361e-13
3.41971e-10
4.41361e-13
3.41971e-10
4.41361e-13
3.41971e-10
4.41361e-13
3.41971e-10
4.41361e-13
5.46491e-09
3.41971e-10
4.41361e-13
4.41361e-13
3.41971e-10
4.41361e-13
3.41971e-10
4.41361e-13
3.41971e-10
4.41361e-13
3.41971e-10
4.41361e-13
3.41971e-10
4.41361e-13
3.41971e-10
4.41361e-13
3.41971e-10
4.41361e-13
3.41971e-10
4.41361e-13
3.41971e-10
4.41361e-13
3.41971e-10
4.41361e-13
3.41971e-10
4.41361e-13
3.41971e-10
4.41361e-13
3.41971e-10
4.41361e-13
3.41971e-10
4.41361e-13
3.41971e-10
4.41361e-13
3.41971e-10
4.41361e-13
3.41971e-10
4.41361e-13
3.41971e-10
4.41361e-13
3.41971e-10
4.41361e-13
5.46491e-09
3.41971e-10
4.41361e-13
4.41361e-13
3.41971e-10
4.41361e-13
3.41971e-10
4.41361e-13
3.41971e-10
4.41361e-13
3.41971e-10
4.41361e-13
3.41971e-10
4.41361e-13
3.41971e-10
4.41361e-13
3.41971e-10
4.41361e-13
3.41971e-10
4.41361e-13
3.41971e-10
4.41361e-13
3.41971e-10
4.41361e-13
3.41971e-10
4.41361e-13
3.34424e-10
4.41361e-13
3.34424e-10
4.41361e-13
3.34424e-10
4.41361e-13
3.34424e-10
4.41361e-13
3.34424e-10
4.41361e-13
3.34424e-10
4.41361e-13
3.34424e-10
4.41361e-13
5.34416e-09
3.34424e-10
4.41361e-13
4.41361e-13
3.34424e-10
4.41361e-13
3.34424e-10
4.41361e-13
3.34424e-10
4.41361e-13
3.34424e-10
4.41361e-13
3.34424e-10
4.41361e-13
3.34424e-10
4.41361e-13
3.34424e-10
4.41361e-13
3.34424e-10
4.41361e-13
3.34424e-10
4.41361e-13
3.34424e-10
4.41361e-13
3.34424e-10
4.41361e-13
3.34424e-10
4.41361e-13
3.34424e-10
4.41361e-13
3.34424e-10
4.41361e-13
3.34424e-10
4.41361e-13
3.34424e-10
4.41361e-13
3.34424e-10
4.41361e-13
3.34424e-10
4.41361e-13
3.34424e-10
4.41361e-13
5.34416e-09
3.34424e-10
4.41361e-13
4.41361e-13
3.34424e-10
4.41361e-13
3.34424e-10
4.41361e-13
3.34424e-10
4.41361e-13
3.34424e-10
4.41361e-13
3.34424e-10
4.41361e-13
3.34424e-10
4.41361e-13
3.34424e-10
4.41361e-13
3.34424e-10
4.41361e-13
3.34424e-10
4.41361e-13
3.34424e-10
4.41361e-13
3.34424e-10
4.41361e-13
3.34424e-10
4.41361e-13
3.34424e-10
4.41361e-13
3.34424e-10
4.41361e-13
3.34424e-10
4.41361e-13
3.34424e-10
4.41361e-13
3.34424e-10
4.41361e-13
3.34424e-10
4.41361e-13
3.34424e-10
4.41361e-13
5.34416e-09
3.34424e-10
4.41361e-13
4.41361e-13
3.34424e-10
4.41361e-13
3.34424e-10
4.41361e-13
3.34424e-10
4.41361e-13
3.34424e-10
4.41361e-13
3.34424e-10
4.41361e-13
3.34424e-10
4.41361e-13
3.34424e-10
4.41361e-13
3.34424e-10
4.41361e-13
3.34424e-10
4.41361e-13
3.34424e-10
4.41361e-13
3.34424e-10
4.41361e-13
3.27124e-10
4.41361e-13
3.27124e-10
4.41361e-13
3.27124e-10
4.41361e-13
3.27124e-10
4.41361e-13
3.27124e-10
4.41361e-13
3.27124e-10
4.41361e-13
3.27124e-10
4.41361e-13
5.22736e-09
3.27124e-10
-5.22647e-09
4.41361e-13
3.27124e-10
4.41361e-13
3.27124e-10
4.41361e-13
3.27124e-10
4.41361e-13
3.27124e-10
4.41361e-13
3.27124e-10
4.41361e-13
3.27124e-10
4.41361e-13
3.27124e-10
4.41361e-13
3.27124e-10
4.41361e-13
3.27124e-10
4.41361e-13
3.27124e-10
4.41361e-13
3.27124e-10
4.41361e-13
3.27124e-10
4.41361e-13
3.27124e-10
4.41361e-13
3.27124e-10
4.41361e-13
3.27124e-10
4.41361e-13
3.27124e-10
4.41361e-13
3.27124e-10
4.41361e-13
3.27124e-10
4.41361e-13
3.27124e-10
4.41361e-13
5.22736e-09
3.27124e-10
4.41361e-13
4.41361e-13
3.27124e-10
4.41361e-13
3.27124e-10
4.41361e-13
3.27124e-10
4.41361e-13
3.27124e-10
4.41361e-13
3.27124e-10
4.41361e-13
3.27124e-10
4.41361e-13
3.27124e-10
4.41361e-13
3.27124e-10
4.41361e-13
3.27124e-10
4.41361e-13
3.27124e-10
4.41361e-13
3.27124e-10
4.41361e-13
3.27124e-10
4.41361e-13
3.27124e-10
4.41361e-13
3.27124e-10
4.41361e-13
3.27124e-10
4.41361e-13
3.27124e-10
4.41361e-13
3.27124e-10
4.41361e-13
3.27124e-10
4.41361e-13
3.27124e-10
4.41361e-13
5.22736e-09
3.27124e-10
4.41361e-13
4.41361e-13
3.27124e-10
4.41361e-13
3.27124e-10
4.41361e-13
3.27124e-10
4.41361e-13
3.27124e-10
4.41361e-13
3.27124e-10
4.41361e-13
3.27124e-10
4.41361e-13
3.27124e-10
4.41361e-13
3.27124e-10
4.41361e-13
3.27124e-10
4.41361e-13
3.27124e-10
4.41361e-13
3.27124e-10
4.41361e-13
3.2006e-10
4.41361e-13
3.2006e-10
4.41361e-13
3.2006e-10
4.41361e-13
3.2006e-10
4.41361e-13
3.2006e-10
4.41361e-13
3.2006e-10
4.41361e-13
3.2006e-10
4.41361e-13
5.11435e-09
3.2006e-10
-5.11346e-09
4.41361e-13
3.2006e-10
4.41361e-13
3.2006e-10
4.41361e-13
3.2006e-10
4.41361e-13
3.2006e-10
4.41361e-13
3.2006e-10
4.41361e-13
3.2006e-10
4.41361e-13
3.2006e-10
4.41361e-13
3.2006e-10
4.41361e-13
3.2006e-10
4.41361e-13
3.2006e-10
4.41361e-13
3.2006e-10
4.41361e-13
3.2006e-10
4.41361e-13
3.2006e-10
4.41361e-13
3.2006e-10
4.41361e-13
3.2006e-10
4.41361e-13
3.2006e-10
4.41361e-13
3.2006e-10
4.41361e-13
3.2006e-10
4.41361e-13
3.2006e-10
4.41361e-13
5.11435e-09
3.2006e-10
4.41361e-13
4.41361e-13
3.2006e-10
4.41361e-13
3.2006e-10
4.41361e-13
3.2006e-10
4.41361e-13
3.2006e-10
4.41361e-13
3.2006e-10
4.41361e-13
3.2006e-10
4.41361e-13
3.2006e-10
4.41361e-13
3.2006e-10
4.41361e-13
3.2006e-10
4.41361e-13
3.2006e-10
4.41361e-13
3.2006e-10
4.41361e-13
3.2006e-10
4.41361e-13
3.2006e-10
4.41361e-13
3.2006e-10
4.41361e-13
3.2006e-10
4.41361e-13
3.2006e-10
4.41361e-13
3.2006e-10
4.41361e-13
3.2006e-10
4.41361e-13
3.2006e-10
4.41361e-13
5.11435e-09
3.2006e-10
4.41361e-13
4.41361e-13
3.2006e-10
4.41361e-13
3.2006e-10
4.41361e-13
3.2006e-10
4.41361e-13
3.2006e-10
4.41361e-13
3.2006e-10
4.41361e-13
3.2006e-10
4.41361e-13
3.2006e-10
4.41361e-13
3.2006e-10
4.41361e-13
3.2006e-10
4.41361e-13
3.2006e-10
4.41361e-13
3.2006e-10
4.41361e-13
3.13224e-10
4.41361e-13
3.13224e-10
4.41361e-13
3.13224e-10
4.41361e-13
3.13224e-10
4.41361e-13
3.13224e-10
4.41361e-13
3.13224e-10
4.41361e-13
3.13224e-10
4.41361e-13
5.00496e-09
3.13224e-10
4.41361e-13
4.41361e-13
3.13224e-10
4.41361e-13
3.13224e-10
4.41361e-13
3.13224e-10
4.41361e-13
3.13224e-10
4.41361e-13
3.13224e-10
4.41361e-13
3.13224e-10
4.41361e-13
3.13224e-10
4.41361e-13
3.13224e-10
4.41361e-13
3.13224e-10
4.41361e-13
3.13224e-10
4.41361e-13
3.13224e-10
4.41361e-13
3.13224e-10
4.41361e-13
3.13224e-10
4.41361e-13
3.13224e-10
4.41361e-13
3.13224e-10
4.41361e-13
3.13224e-10
4.41361e-13
3.13224e-10
4.41361e-13
3.13224e-10
4.41361e-13
3.13224e-10
4.41361e-13
5.00496e-09
3.13224e-10
4.41361e-13
4.41361e-13
3.13224e-10
4.41361e-13
3.13224e-10
4.41361e-13
3.13224e-10
4.41361e-13
3.13224e-10
4.41361e-13
3.13224e-10
4.41361e-13
3.13224e-10
4.41361e-13
3.13224e-10
4.41361e-13
3.13224e-10
4.41361e-13
3.13224e-10
4.41361e-13
3.13224e-10
4.41361e-13
3.13224e-10
4.41361e-13
3.13224e-10
4.41361e-13
3.13224e-10
4.41361e-13
3.13224e-10
4.41361e-13
3.13224e-10
4.41361e-13
3.13224e-10
4.41361e-13
3.13224e-10
4.41361e-13
3.13224e-10
4.41361e-13
3.13224e-10
4.41361e-13
5.00496e-09
3.13224e-10
4.41361e-13
4.41361e-13
3.13224e-10
4.41361e-13
3.13224e-10
4.41361e-13
3.13224e-10
4.41361e-13
3.13224e-10
4.41361e-13
3.13224e-10
4.41361e-13
3.13224e-10
4.41361e-13
3.13224e-10
4.41361e-13
3.13224e-10
4.41361e-13
3.13224e-10
4.41361e-13
3.13224e-10
4.41361e-13
3.13224e-10
4.41361e-13
3.06604e-10
4.41361e-13
3.06604e-10
4.41361e-13
3.06604e-10
4.41361e-13
3.06604e-10
4.41361e-13
3.06604e-10
4.41361e-13
3.06604e-10
4.41361e-13
3.06604e-10
4.41361e-13
4.89905e-09
3.06604e-10
-4.89817e-09
4.41361e-13
3.06604e-10
4.41361e-13
3.06604e-10
4.41361e-13
3.06604e-10
4.41361e-13
3.06604e-10
4.41361e-13
3.06604e-10
4.41361e-13
3.06604e-10
4.41361e-13
3.06604e-10
4.41361e-13
3.06604e-10
4.41361e-13
3.06604e-10
4.41361e-13
3.06604e-10
4.41361e-13
3.06604e-10
4.41361e-13
3.06604e-10
4.41361e-13
3.06604e-10
4.41361e-13
3.06604e-10
4.41361e-13
3.06604e-10
4.41361e-13
3.06604e-10
4.41361e-13
3.06604e-10
4.41361e-13
3.06604e-10
4.41361e-13
3.06604e-10
4.41361e-13
4.89905e-09
3.06604e-10
4.41361e-13
4.41361e-13
3.06604e-10
4.41361e-13
3.06604e-10
4.41361e-13
3.06604e-10
4.41361e-13
3.06604e-10
4.41361e-13
3.06604e-10
4.41361e-13
3.06604e-10
4.41361e-13
3.06604e-10
4.41361e-13
3.06604e-10
4.41361e-13
3.06604e-10
4.41361e-13
3.06604e-10
4.41361e-13
3.06604e-10
4.41361e-13
3.06604e-10
4.41361e-13
3.06604e-10
4.41361e-13
3.06604e-10
4.41361e-13
3.06604e-10
4.41361e-13
3.06604e-10
4.41361e-13
3.06604e-10
4.41361e-13
3.06604e-10
4.41361e-13
3.06604e-10
4.41361e-13
4.89905e-09
3.06604e-10
4.41361e-13
4.41361e-13
3.06604e-10
4.41361e-13
3.06604e-10
4.41361e-13
3.06604e-10
4.41361e-13
3.06604e-10
4.41361e-13
3.06604e-10
4.41361e-13
3.06604e-10
4.41361e-13
3.06604e-10
4.41361e-13
3.06604e-10
4.41361e-13
3.06604e-10
4.41361e-13
3.06604e-10
4.41361e-13
3.06604e-10
4.41361e-13
3.00193e-10
4.41361e-13
3.00193e-10
4.41361e-13
3.00193e-10
4.41361e-13
3.00193e-10
4.41361e-13
3.00193e-10
4.41361e-13
3.00193e-10
4.41361e-13
3.00193e-10
4.41361e-13
4.79646e-09
3.00193e-10
-4.79558e-09
4.41361e-13
3.00193e-10
4.41361e-13
3.00193e-10
4.41361e-13
3.00193e-10
4.41361e-13
3.00193e-10
4.41361e-13
3.00193e-10
4.41361e-13
3.00193e-10
4.41361e-13
3.00193e-10
4.41361e-13
3.00193e-10
4.41361e-13
3.00193e-10
4.41361e-13
3.00193e-10
4.41361e-13
3.00193e-10
4.41361e-13
3.00193e-10
4.41361e-13
3.00193e-10
4.41361e-13
3.00193e-10
4.41361e-13
3.00193e-10
4.41361e-13
3.00193e-10
4.41361e-13
3.00193e-10
4.41361e-13
3.00193e-10
4.41361e-13
3.00193e-10
4.41361e-13
4.79646e-09
3.00193e-10
4.41361e-13
4.41361e-13
3.00193e-10
4.41361e-13
3.00193e-10
4.41361e-13
3.00193e-10
4.41361e-13
3.00193e-10
4.41361e-13
3.00193e-10
4.41361e-13
3.00193e-10
4.41361e-13
3.00193e-10
4.41361e-13
3.00193e-10
4.41361e-13
3.00193e-10
4.41361e-13
3.00193e-10
4.41361e-13
3.00193e-10
4.41361e-13
3.00193e-10
4.41361e-13
3.00193e-10
4.41361e-13
3.00193e-10
4.41361e-13
3.00193e-10
4.41361e-13
3.00193e-10
4.41361e-13
3.00193e-10
4.41361e-13
3.00193e-10
4.41361e-13
3.00193e-10
4.41361e-13
4.79646e-09
3.00193e-10
4.41361e-13
4.41361e-13
3.00193e-10
4.41361e-13
3.00193e-10
4.41361e-13
3.00193e-10
4.41361e-13
3.00193e-10
4.41361e-13
3.00193e-10
4.41361e-13
3.00193e-10
4.41361e-13
3.00193e-10
4.41361e-13
3.00193e-10
4.41361e-13
3.00193e-10
4.41361e-13
3.00193e-10
4.41361e-13
3.00193e-10
4.41361e-13
2.9398e-10
4.41361e-13
2.9398e-10
4.41361e-13
2.9398e-10
4.41361e-13
2.9398e-10
4.41361e-13
2.9398e-10
4.41361e-13
2.9398e-10
4.41361e-13
2.9398e-10
4.41361e-13
4.69707e-09
2.9398e-10
-4.69618e-09
4.41361e-13
2.9398e-10
4.41361e-13
2.9398e-10
4.41361e-13
2.9398e-10
4.41361e-13
2.9398e-10
4.41361e-13
2.9398e-10
4.41361e-13
2.9398e-10
4.41361e-13
2.9398e-10
4.41361e-13
2.9398e-10
4.41361e-13
2.9398e-10
4.41361e-13
2.9398e-10
4.41361e-13
2.9398e-10
4.41361e-13
2.9398e-10
4.41361e-13
2.9398e-10
4.41361e-13
2.9398e-10
4.41361e-13
2.9398e-10
4.41361e-13
2.9398e-10
4.41361e-13
2.9398e-10
4.41361e-13
2.9398e-10
4.41361e-13
2.9398e-10
4.41361e-13
4.69707e-09
2.9398e-10
4.41361e-13
4.41361e-13
2.9398e-10
4.41361e-13
2.9398e-10
4.41361e-13
2.9398e-10
4.41361e-13
2.9398e-10
4.41361e-13
2.9398e-10
4.41361e-13
2.9398e-10
4.41361e-13
2.9398e-10
4.41361e-13
2.9398e-10
4.41361e-13
2.9398e-10
4.41361e-13
2.9398e-10
4.41361e-13
2.9398e-10
4.41361e-13
2.9398e-10
4.41361e-13
2.9398e-10
4.41361e-13
2.9398e-10
4.41361e-13
2.9398e-10
4.41361e-13
2.9398e-10
4.41361e-13
2.9398e-10
4.41361e-13
2.9398e-10
4.41361e-13
2.9398e-10
4.41361e-13
4.69707e-09
2.9398e-10
4.41361e-13
4.41361e-13
2.9398e-10
4.41361e-13
2.9398e-10
4.41361e-13
2.9398e-10
4.41361e-13
2.9398e-10
4.41361e-13
2.9398e-10
4.41361e-13
2.9398e-10
4.41361e-13
2.9398e-10
4.41361e-13
2.9398e-10
4.41361e-13
2.9398e-10
4.41361e-13
2.9398e-10
4.41361e-13
2.9398e-10
4.41361e-13
2.87959e-10
4.41361e-13
2.87959e-10
4.41361e-13
2.87959e-10
4.41361e-13
2.87959e-10
4.41361e-13
2.87959e-10
4.41361e-13
2.87959e-10
4.41361e-13
2.87959e-10
4.41361e-13
4.60073e-09
2.87959e-10
-4.59984e-09
4.41361e-13
2.87959e-10
4.41361e-13
2.87959e-10
4.41361e-13
2.87959e-10
4.41361e-13
2.87959e-10
4.41361e-13
2.87959e-10
4.41361e-13
2.87959e-10
4.41361e-13
2.87959e-10
4.41361e-13
2.87959e-10
4.41361e-13
2.87959e-10
4.41361e-13
2.87959e-10
4.41361e-13
2.87959e-10
4.41361e-13
2.87959e-10
4.41361e-13
2.87959e-10
4.41361e-13
2.87959e-10
4.41361e-13
2.87959e-10
4.41361e-13
2.87959e-10
4.41361e-13
2.87959e-10
4.41361e-13
2.87959e-10
4.41361e-13
2.87959e-10
4.41361e-13
4.60073e-09
2.87959e-10
4.41361e-13
4.41361e-13
2.87959e-10
4.41361e-13
2.87959e-10
4.41361e-13
2.87959e-10
4.41361e-13
2.87959e-10
4.41361e-13
2.87959e-10
4.41361e-13
2.87959e-10
4.41361e-13
2.87959e-10
4.41361e-13
2.87959e-10
4.41361e-13
2.87959e-10
4.41361e-13
2.87959e-10
4.41361e-13
2.87959e-10
4.41361e-13
2.87959e-10
4.41361e-13
2.87959e-10
4.41361e-13
2.87959e-10
4.41361e-13
2.87959e-10
4.41361e-13
2.87959e-10
4.41361e-13
2.87959e-10
4.41361e-13
2.87959e-10
4.41361e-13
2.87959e-10
4.41361e-13
4.60073e-09
2.87959e-10
4.41361e-13
4.41361e-13
2.87959e-10
4.41361e-13
2.87959e-10
4.41361e-13
2.87959e-10
4.41361e-13
2.87959e-10
4.41361e-13
2.87959e-10
4.41361e-13
2.87959e-10
4.41361e-13
2.87959e-10
4.41361e-13
2.87959e-10
4.41361e-13
2.87959e-10
4.41361e-13
2.87959e-10
4.41361e-13
2.87959e-10
4.41361e-13
2.82121e-10
4.41361e-13
2.82121e-10
4.41361e-13
2.82121e-10
4.41361e-13
2.82121e-10
4.41361e-13
2.82121e-10
4.41361e-13
2.82121e-10
4.41361e-13
2.82121e-10
4.41361e-13
4.50732e-09
2.82121e-10
-4.50644e-09
4.41361e-13
2.82121e-10
4.41361e-13
2.82121e-10
4.41361e-13
2.82121e-10
4.41361e-13
2.82121e-10
4.41361e-13
2.82121e-10
4.41361e-13
2.82121e-10
4.41361e-13
2.82121e-10
4.41361e-13
2.82121e-10
4.41361e-13
2.82121e-10
4.41361e-13
2.82121e-10
4.41361e-13
2.82121e-10
4.41361e-13
2.82121e-10
4.41361e-13
2.82121e-10
4.41361e-13
2.82121e-10
4.41361e-13
2.82121e-10
4.41361e-13
2.82121e-10
4.41361e-13
2.82121e-10
4.41361e-13
2.82121e-10
4.41361e-13
2.82121e-10
4.41361e-13
4.50732e-09
2.82121e-10
4.41361e-13
4.41361e-13
2.82121e-10
4.41361e-13
2.82121e-10
4.41361e-13
2.82121e-10
4.41361e-13
2.82121e-10
4.41361e-13
2.82121e-10
4.41361e-13
2.82121e-10
4.41361e-13
2.82121e-10
4.41361e-13
2.82121e-10
4.41361e-13
2.82121e-10
4.41361e-13
2.82121e-10
4.41361e-13
2.82121e-10
4.41361e-13
2.82121e-10
4.41361e-13
2.82121e-10
4.41361e-13
2.82121e-10
4.41361e-13
2.82121e-10
4.41361e-13
2.82121e-10
4.41361e-13
2.82121e-10
4.41361e-13
2.82121e-10
4.41361e-13
2.82121e-10
4.41361e-13
4.50732e-09
2.82121e-10
4.41361e-13
4.41361e-13
2.82121e-10
4.41361e-13
2.82121e-10
4.41361e-13
2.82121e-10
4.41361e-13
2.82121e-10
4.41361e-13
2.82121e-10
4.41361e-13
2.82121e-10
4.41361e-13
2.82121e-10
4.41361e-13
2.82121e-10
4.41361e-13
2.82121e-10
4.41361e-13
2.82121e-10
4.41361e-13
2.82121e-10
4.41361e-13
2.7646e-10
4.41361e-13
2.7646e-10
4.41361e-13
2.7646e-10
4.41361e-13
2.7646e-10
4.41361e-13
2.7646e-10
4.41361e-13
2.7646e-10
4.41361e-13
2.7646e-10
4.41361e-13
4.41673e-09
2.7646e-10
-4.41585e-09
4.41361e-13
2.7646e-10
4.41361e-13
2.7646e-10
4.41361e-13
2.7646e-10
4.41361e-13
2.7646e-10
4.41361e-13
2.7646e-10
4.41361e-13
2.7646e-10
4.41361e-13
2.7646e-10
4.41361e-13
2.7646e-10
4.41361e-13
2.7646e-10
4.41361e-13
2.7646e-10
4.41361e-13
2.7646e-10
4.41361e-13
2.7646e-10
4.41361e-13
2.7646e-10
4.41361e-13
2.7646e-10
4.41361e-13
2.7646e-10
4.41361e-13
2.7646e-10
4.41361e-13
2.7646e-10
4.41361e-13
2.7646e-10
4.41361e-13
2.7646e-10
4.41361e-13
4.41673e-09
2.7646e-10
4.41361e-13
4.41361e-13
2.7646e-10
4.41361e-13
2.7646e-10
4.41361e-13
2.7646e-10
4.41361e-13
2.7646e-10
4.41361e-13
2.7646e-10
4.41361e-13
2.7646e-10
4.41361e-13
2.7646e-10
4.41361e-13
2.7646e-10
4.41361e-13
2.7646e-10
4.41361e-13
2.7646e-10
4.41361e-13
2.7646e-10
4.41361e-13
2.7646e-10
4.41361e-13
2.7646e-10
4.41361e-13
2.7646e-10
4.41361e-13
2.7646e-10
4.41361e-13
2.7646e-10
4.41361e-13
2.7646e-10
4.41361e-13
2.7646e-10
4.41361e-13
2.7646e-10
4.41361e-13
4.41673e-09
2.7646e-10
4.41361e-13
4.41361e-13
2.7646e-10
4.41361e-13
2.7646e-10
4.41361e-13
2.7646e-10
4.41361e-13
2.7646e-10
4.41361e-13
2.7646e-10
4.41361e-13
2.7646e-10
4.41361e-13
2.7646e-10
4.41361e-13
2.7646e-10
4.41361e-13
2.7646e-10
4.41361e-13
2.7646e-10
4.41361e-13
2.7646e-10
4.41361e-13
2.70967e-10
4.41361e-13
2.70967e-10
4.41361e-13
2.70967e-10
4.41361e-13
2.70967e-10
4.41361e-13
2.70967e-10
4.41361e-13
2.70967e-10
4.41361e-13
2.70967e-10
4.41361e-13
4.32885e-09
2.70967e-10
-4.32797e-09
4.41361e-13
2.70967e-10
4.41361e-13
2.70967e-10
4.41361e-13
2.70967e-10
4.41361e-13
2.70967e-10
4.41361e-13
2.70967e-10
4.41361e-13
2.70967e-10
4.41361e-13
2.70967e-10
4.41361e-13
2.70967e-10
4.41361e-13
2.70967e-10
4.41361e-13
2.70967e-10
4.41361e-13
2.70967e-10
4.41361e-13
2.70967e-10
4.41361e-13
2.70967e-10
4.41361e-13
2.70967e-10
4.41361e-13
2.70967e-10
4.41361e-13
2.70967e-10
4.41361e-13
2.70967e-10
4.41361e-13
2.70967e-10
4.41361e-13
2.70967e-10
4.41361e-13
4.32885e-09
2.70967e-10
4.41361e-13
4.41361e-13
2.70967e-10
4.41361e-13
2.70967e-10
4.41361e-13
2.70967e-10
4.41361e-13
2.70967e-10
4.41361e-13
2.70967e-10
4.41361e-13
2.70967e-10
4.41361e-13
2.70967e-10
4.41361e-13
2.70967e-10
4.41361e-13
2.70967e-10
4.41361e-13
2.70967e-10
4.41361e-13
2.70967e-10
4.41361e-13
2.70967e-10
4.41361e-13
2.70967e-10
4.41361e-13
2.70967e-10
4.41361e-13
2.70967e-10
4.41361e-13
2.70967e-10
4.41361e-13
2.70967e-10
4.41361e-13
2.70967e-10
4.41361e-13
2.70967e-10
4.41361e-13
4.32885e-09
2.70967e-10
4.41361e-13
4.41361e-13
2.70967e-10
4.41361e-13
2.70967e-10
4.41361e-13
2.70967e-10
4.41361e-13
2.70967e-10
4.41361e-13
2.70967e-10
4.41361e-13
2.70967e-10
4.41361e-13
2.70967e-10
4.41361e-13
2.70967e-10
4.41361e-13
2.70967e-10
4.41361e-13
2.70967e-10
4.41361e-13
2.70967e-10
4.41361e-13
2.65637e-10
4.41361e-13
2.65637e-10
4.41361e-13
2.65637e-10
4.41361e-13
2.65637e-10
4.41361e-13
2.65637e-10
4.41361e-13
2.65637e-10
4.41361e-13
2.65637e-10
4.41361e-13
4.24356e-09
2.65637e-10
-4.24268e-09
4.41361e-13
2.65637e-10
4.41361e-13
2.65637e-10
4.41361e-13
2.65637e-10
4.41361e-13
2.65637e-10
4.41361e-13
2.65637e-10
4.41361e-13
2.65637e-10
4.41361e-13
2.65637e-10
4.41361e-13
2.65637e-10
4.41361e-13
2.65637e-10
4.41361e-13
2.65637e-10
4.41361e-13
2.65637e-10
4.41361e-13
2.65637e-10
4.41361e-13
2.65637e-10
4.41361e-13
2.65637e-10
4.41361e-13
2.65637e-10
4.41361e-13
2.65637e-10
4.41361e-13
2.65637e-10
4.41361e-13
2.65637e-10
4.41361e-13
2.65637e-10
4.41361e-13
4.24356e-09
2.65637e-10
4.41361e-13
4.41361e-13
2.65637e-10
4.41361e-13
2.65637e-10
4.41361e-13
2.65637e-10
4.41361e-13
2.65637e-10
4.41361e-13
2.65637e-10
4.41361e-13
2.65637e-10
4.41361e-13
2.65637e-10
4.41361e-13
2.65637e-10
4.41361e-13
2.65637e-10
4.41361e-13
2.65637e-10
4.41361e-13
2.65637e-10
4.41361e-13
2.65637e-10
4.41361e-13
2.65637e-10
4.41361e-13
2.65637e-10
4.41361e-13
2.65637e-10
4.41361e-13
2.65637e-10
4.41361e-13
2.65637e-10
4.41361e-13
2.65637e-10
4.41361e-13
2.65637e-10
4.41361e-13
4.24356e-09
2.65637e-10
4.41361e-13
4.41361e-13
2.65637e-10
4.41361e-13
2.65637e-10
4.41361e-13
2.65637e-10
4.41361e-13
2.65637e-10
4.41361e-13
2.65637e-10
4.41361e-13
2.65637e-10
4.41361e-13
2.65637e-10
4.41361e-13
2.65637e-10
4.41361e-13
2.65637e-10
4.41361e-13
2.65637e-10
4.41361e-13
2.65637e-10
4.41361e-13
2.60462e-10
4.41361e-13
2.60462e-10
4.41361e-13
2.60462e-10
4.41361e-13
2.60462e-10
4.41361e-13
2.60462e-10
4.41361e-13
2.60462e-10
4.41361e-13
2.60462e-10
4.41361e-13
4.16077e-09
2.60462e-10
-4.15989e-09
4.41361e-13
2.60462e-10
4.41361e-13
2.60462e-10
4.41361e-13
2.60462e-10
4.41361e-13
2.60462e-10
4.41361e-13
2.60462e-10
4.41361e-13
2.60462e-10
4.41361e-13
2.60462e-10
4.41361e-13
2.60462e-10
4.41361e-13
2.60462e-10
4.41361e-13
2.60462e-10
4.41361e-13
2.60462e-10
4.41361e-13
2.60462e-10
4.41361e-13
2.60462e-10
4.41361e-13
2.60462e-10
4.41361e-13
2.60462e-10
4.41361e-13
2.60462e-10
4.41361e-13
2.60462e-10
4.41361e-13
2.60462e-10
4.41361e-13
2.60462e-10
4.41361e-13
4.16077e-09
2.60462e-10
4.41361e-13
4.41361e-13
2.60462e-10
4.41361e-13
2.60462e-10
4.41361e-13
2.60462e-10
4.41361e-13
2.60462e-10
4.41361e-13
2.60462e-10
4.41361e-13
2.60462e-10
4.41361e-13
2.60462e-10
4.41361e-13
2.60462e-10
4.41361e-13
2.60462e-10
4.41361e-13
2.60462e-10
4.41361e-13
2.60462e-10
4.41361e-13
2.60462e-10
4.41361e-13
2.60462e-10
4.41361e-13
2.60462e-10
4.41361e-13
2.60462e-10
4.41361e-13
2.60462e-10
4.41361e-13
2.60462e-10
4.41361e-13
2.60462e-10
4.41361e-13
2.60462e-10
4.41361e-13
4.16077e-09
2.60462e-10
4.41361e-13
4.41361e-13
2.60462e-10
4.41361e-13
2.60462e-10
4.41361e-13
2.60462e-10
4.41361e-13
2.60462e-10
4.41361e-13
2.60462e-10
4.41361e-13
2.60462e-10
4.41361e-13
2.60462e-10
4.41361e-13
2.60462e-10
4.41361e-13
2.60462e-10
4.41361e-13
2.60462e-10
4.41361e-13
2.60462e-10
4.41361e-13
2.55438e-10
4.41361e-13
2.55438e-10
4.41361e-13
2.55438e-10
4.41361e-13
2.55438e-10
4.41361e-13
2.55438e-10
4.41361e-13
2.55438e-10
4.41361e-13
2.55438e-10
4.41361e-13
4.08038e-09
2.55438e-10
-4.0795e-09
4.41361e-13
2.55438e-10
4.41361e-13
2.55438e-10
4.41361e-13
2.55438e-10
4.41361e-13
2.55438e-10
4.41361e-13
2.55438e-10
4.41361e-13
2.55438e-10
4.41361e-13
2.55438e-10
4.41361e-13
2.55438e-10
4.41361e-13
2.55438e-10
4.41361e-13
2.55438e-10
4.41361e-13
2.55438e-10
4.41361e-13
2.55438e-10
4.41361e-13
2.55438e-10
4.41361e-13
2.55438e-10
4.41361e-13
2.55438e-10
4.41361e-13
2.55438e-10
4.41361e-13
2.55438e-10
4.41361e-13
2.55438e-10
4.41361e-13
2.55438e-10
4.41361e-13
4.08038e-09
2.55438e-10
4.41361e-13
4.41361e-13
2.55438e-10
4.41361e-13
2.55438e-10
4.41361e-13
2.55438e-10
4.41361e-13
2.55438e-10
4.41361e-13
2.55438e-10
4.41361e-13
2.55438e-10
4.41361e-13
2.55438e-10
4.41361e-13
2.55438e-10
4.41361e-13
2.55438e-10
4.41361e-13
2.55438e-10
4.41361e-13
2.55438e-10
4.41361e-13
2.55438e-10
4.41361e-13
2.55438e-10
4.41361e-13
2.55438e-10
4.41361e-13
2.55438e-10
4.41361e-13
2.55438e-10
4.41361e-13
2.55438e-10
4.41361e-13
2.55438e-10
4.41361e-13
2.55438e-10
4.41361e-13
4.08038e-09
2.55438e-10
4.41361e-13
4.41361e-13
2.55438e-10
4.41361e-13
2.55438e-10
4.41361e-13
2.55438e-10
4.41361e-13
2.55438e-10
4.41361e-13
2.55438e-10
4.41361e-13
2.55438e-10
4.41361e-13
2.55438e-10
4.41361e-13
2.55438e-10
4.41361e-13
2.55438e-10
4.41361e-13
2.55438e-10
4.41361e-13
2.55438e-10
4.41361e-13
2.50557e-10
4.41361e-13
2.50557e-10
4.41361e-13
2.50557e-10
4.41361e-13
2.50557e-10
4.41361e-13
2.50557e-10
4.41361e-13
2.50557e-10
4.41361e-13
2.50557e-10
4.41361e-13
4.0023e-09
2.50557e-10
-4.00142e-09
4.41361e-13
2.50557e-10
4.41361e-13
2.50557e-10
4.41361e-13
2.50557e-10
4.41361e-13
2.50557e-10
4.41361e-13
2.50557e-10
4.41361e-13
2.50557e-10
4.41361e-13
2.50557e-10
4.41361e-13
2.50557e-10
4.41361e-13
2.50557e-10
4.41361e-13
2.50557e-10
4.41361e-13
2.50557e-10
4.41361e-13
2.50557e-10
4.41361e-13
2.50557e-10
4.41361e-13
2.50557e-10
4.41361e-13
2.50557e-10
4.41361e-13
2.50557e-10
4.41361e-13
2.50557e-10
4.41361e-13
2.50557e-10
4.41361e-13
2.50557e-10
4.41361e-13
4.0023e-09
2.50557e-10
4.41361e-13
4.41361e-13
2.50557e-10
4.41361e-13
2.50557e-10
4.41361e-13
2.50557e-10
4.41361e-13
2.50557e-10
4.41361e-13
2.50557e-10
4.41361e-13
2.50557e-10
4.41361e-13
2.50557e-10
4.41361e-13
2.50557e-10
4.41361e-13
2.50557e-10
4.41361e-13
2.50557e-10
4.41361e-13
2.50557e-10
4.41361e-13
2.50557e-10
4.41361e-13
2.50557e-10
4.41361e-13
2.50557e-10
4.41361e-13
2.50557e-10
4.41361e-13
2.50557e-10
4.41361e-13
2.50557e-10
4.41361e-13
2.50557e-10
4.41361e-13
2.50557e-10
4.41361e-13
4.0023e-09
2.50557e-10
4.41361e-13
4.41361e-13
2.50557e-10
4.41361e-13
2.50557e-10
4.41361e-13
2.50557e-10
4.41361e-13
2.50557e-10
4.41361e-13
2.50557e-10
4.41361e-13
2.50557e-10
4.41361e-13
2.50557e-10
4.41361e-13
2.50557e-10
4.41361e-13
2.50557e-10
4.41361e-13
2.50557e-10
4.41361e-13
2.50557e-10
4.41361e-13
2.45816e-10
4.41361e-13
2.45816e-10
4.41361e-13
2.45816e-10
4.41361e-13
2.45816e-10
4.41361e-13
2.45816e-10
4.41361e-13
2.45816e-10
4.41361e-13
2.45816e-10
4.41361e-13
3.92644e-09
2.45816e-10
-3.92555e-09
4.41361e-13
2.45816e-10
4.41361e-13
2.45816e-10
4.41361e-13
2.45816e-10
4.41361e-13
2.45816e-10
4.41361e-13
2.45816e-10
4.41361e-13
2.45816e-10
4.41361e-13
2.45816e-10
4.41361e-13
2.45816e-10
4.41361e-13
2.45816e-10
4.41361e-13
2.45816e-10
4.41361e-13
2.45816e-10
4.41361e-13
2.45816e-10
4.41361e-13
2.45816e-10
4.41361e-13
2.45816e-10
4.41361e-13
2.45816e-10
4.41361e-13
2.45816e-10
4.41361e-13
2.45816e-10
4.41361e-13
2.45816e-10
4.41361e-13
2.45816e-10
4.41361e-13
3.92644e-09
2.45816e-10
4.41361e-13
4.41361e-13
2.45816e-10
4.41361e-13
2.45816e-10
4.41361e-13
2.45816e-10
4.41361e-13
2.45816e-10
4.41361e-13
2.45816e-10
4.41361e-13
2.45816e-10
4.41361e-13
2.45816e-10
4.41361e-13
2.45816e-10
4.41361e-13
2.45816e-10
4.41361e-13
2.45816e-10
4.41361e-13
2.45816e-10
4.41361e-13
2.45816e-10
4.41361e-13
2.45816e-10
4.41361e-13
2.45816e-10
4.41361e-13
2.45816e-10
4.41361e-13
2.45816e-10
4.41361e-13
2.45816e-10
4.41361e-13
2.45816e-10
4.41361e-13
2.45816e-10
4.41361e-13
3.92644e-09
2.45816e-10
4.41361e-13
4.41361e-13
2.45816e-10
4.41361e-13
2.45816e-10
4.41361e-13
2.45816e-10
4.41361e-13
2.45816e-10
4.41361e-13
2.45816e-10
4.41361e-13
2.45816e-10
4.41361e-13
2.45816e-10
4.41361e-13
2.45816e-10
4.41361e-13
2.45816e-10
4.41361e-13
2.45816e-10
4.41361e-13
2.45816e-10
4.41361e-13
2.41208e-10
4.41361e-13
2.41208e-10
4.41361e-13
2.41208e-10
4.41361e-13
2.41208e-10
4.41361e-13
2.41208e-10
4.41361e-13
2.41208e-10
4.41361e-13
2.41208e-10
4.41361e-13
3.85271e-09
2.41208e-10
-3.85183e-09
4.41361e-13
2.41208e-10
4.41361e-13
2.41208e-10
4.41361e-13
2.41208e-10
4.41361e-13
2.41208e-10
4.41361e-13
2.41208e-10
4.41361e-13
2.41208e-10
4.41361e-13
2.41208e-10
4.41361e-13
2.41208e-10
4.41361e-13
2.41208e-10
4.41361e-13
2.41208e-10
4.41361e-13
2.41208e-10
4.41361e-13
2.41208e-10
4.41361e-13
2.41208e-10
4.41361e-13
2.41208e-10
4.41361e-13
2.41208e-10
4.41361e-13
2.41208e-10
4.41361e-13
2.41208e-10
4.41361e-13
2.41208e-10
4.41361e-13
2.41208e-10
4.41361e-13
3.85271e-09
2.41208e-10
4.41361e-13
4.41361e-13
2.41208e-10
4.41361e-13
2.41208e-10
4.41361e-13
2.41208e-10
4.41361e-13
2.41208e-10
4.41361e-13
2.41208e-10
4.41361e-13
2.41208e-10
4.41361e-13
2.41208e-10
4.41361e-13
2.41208e-10
4.41361e-13
2.41208e-10
4.41361e-13
2.41208e-10
4.41361e-13
2.41208e-10
4.41361e-13
2.41208e-10
4.41361e-13
2.41208e-10
4.41361e-13
2.41208e-10
4.41361e-13
2.41208e-10
4.41361e-13
2.41208e-10
4.41361e-13
2.41208e-10
4.41361e-13
2.41208e-10
4.41361e-13
2.41208e-10
4.41361e-13
3.85271e-09
2.41208e-10
4.41361e-13
4.41361e-13
2.41208e-10
4.41361e-13
2.41208e-10
4.41361e-13
2.41208e-10
4.41361e-13
2.41208e-10
4.41361e-13
2.41208e-10
4.41361e-13
2.41208e-10
4.41361e-13
2.41208e-10
4.41361e-13
2.41208e-10
4.41361e-13
2.41208e-10
4.41361e-13
2.41208e-10
4.41361e-13
2.41208e-10
4.41361e-13
2.36729e-10
4.41361e-13
2.36729e-10
4.41361e-13
2.36729e-10
4.41361e-13
2.36729e-10
4.41361e-13
2.36729e-10
4.41361e-13
2.36729e-10
4.41361e-13
2.36729e-10
4.41361e-13
3.78104e-09
2.36729e-10
-3.78016e-09
4.41361e-13
2.36729e-10
4.41361e-13
2.36729e-10
4.41361e-13
2.36729e-10
4.41361e-13
2.36729e-10
4.41361e-13
2.36729e-10
4.41361e-13
2.36729e-10
4.41361e-13
2.36729e-10
4.41361e-13
2.36729e-10
4.41361e-13
2.36729e-10
4.41361e-13
2.36729e-10
4.41361e-13
2.36729e-10
4.41361e-13
2.36729e-10
4.41361e-13
2.36729e-10
4.41361e-13
2.36729e-10
4.41361e-13
2.36729e-10
4.41361e-13
2.36729e-10
4.41361e-13
2.36729e-10
4.41361e-13
2.36729e-10
4.41361e-13
2.36729e-10
4.41361e-13
3.78104e-09
2.36729e-10
4.41361e-13
4.41361e-13
2.36729e-10
4.41361e-13
2.36729e-10
4.41361e-13
2.36729e-10
4.41361e-13
2.36729e-10
4.41361e-13
2.36729e-10
4.41361e-13
2.36729e-10
4.41361e-13
2.36729e-10
4.41361e-13
2.36729e-10
4.41361e-13
2.36729e-10
4.41361e-13
2.36729e-10
4.41361e-13
2.36729e-10
4.41361e-13
2.36729e-10
4.41361e-13
2.36729e-10
4.41361e-13
2.36729e-10
4.41361e-13
2.36729e-10
4.41361e-13
2.36729e-10
4.41361e-13
2.36729e-10
4.41361e-13
2.36729e-10
4.41361e-13
2.36729e-10
4.41361e-13
3.78104e-09
2.36729e-10
4.41361e-13
4.41361e-13
2.36729e-10
4.41361e-13
2.36729e-10
4.41361e-13
2.36729e-10
4.41361e-13
2.36729e-10
4.41361e-13
2.36729e-10
4.41361e-13
2.36729e-10
4.41361e-13
2.36729e-10
4.41361e-13
2.36729e-10
4.41361e-13
2.36729e-10
4.41361e-13
2.36729e-10
4.41361e-13
2.36729e-10
4.41361e-13
2.32373e-10
4.41361e-13
2.32373e-10
4.41361e-13
2.32373e-10
4.41361e-13
2.32373e-10
4.41361e-13
2.32373e-10
4.41361e-13
2.32373e-10
4.41361e-13
2.32373e-10
4.41361e-13
3.71135e-09
2.32373e-10
-3.71047e-09
4.41361e-13
2.32373e-10
4.41361e-13
2.32373e-10
4.41361e-13
2.32373e-10
4.41361e-13
2.32373e-10
4.41361e-13
2.32373e-10
4.41361e-13
2.32373e-10
4.41361e-13
2.32373e-10
4.41361e-13
2.32373e-10
4.41361e-13
2.32373e-10
4.41361e-13
2.32373e-10
4.41361e-13
2.32373e-10
4.41361e-13
2.32373e-10
4.41361e-13
2.32373e-10
4.41361e-13
2.32373e-10
4.41361e-13
2.32373e-10
4.41361e-13
2.32373e-10
4.41361e-13
2.32373e-10
4.41361e-13
2.32373e-10
4.41361e-13
2.32373e-10
4.41361e-13
3.71135e-09
2.32373e-10
4.41361e-13
4.41361e-13
2.32373e-10
4.41361e-13
2.32373e-10
4.41361e-13
2.32373e-10
4.41361e-13
2.32373e-10
4.41361e-13
2.32373e-10
4.41361e-13
2.32373e-10
4.41361e-13
2.32373e-10
4.41361e-13
2.32373e-10
4.41361e-13
2.32373e-10
4.41361e-13
2.32373e-10
4.41361e-13
2.32373e-10
4.41361e-13
2.32373e-10
4.41361e-13
2.32373e-10
4.41361e-13
2.32373e-10
4.41361e-13
2.32373e-10
4.41361e-13
2.32373e-10
4.41361e-13
2.32373e-10
4.41361e-13
2.32373e-10
4.41361e-13
2.32373e-10
4.41361e-13
3.71135e-09
2.32373e-10
4.41361e-13
4.41361e-13
2.32373e-10
4.41361e-13
2.32373e-10
4.41361e-13
2.32373e-10
4.41361e-13
2.32373e-10
4.41361e-13
2.32373e-10
4.41361e-13
2.32373e-10
4.41361e-13
2.32373e-10
4.41361e-13
2.32373e-10
4.41361e-13
2.32373e-10
4.41361e-13
2.32373e-10
4.41361e-13
2.32373e-10
4.41361e-13
2.28137e-10
4.41361e-13
2.28137e-10
4.41361e-13
2.28137e-10
4.41361e-13
2.28137e-10
4.41361e-13
2.28137e-10
4.41361e-13
2.28137e-10
4.41361e-13
2.28137e-10
4.41361e-13
3.64358e-09
2.28137e-10
-3.64269e-09
4.41361e-13
2.28137e-10
4.41361e-13
2.28137e-10
4.41361e-13
2.28137e-10
4.41361e-13
2.28137e-10
4.41361e-13
2.28137e-10
4.41361e-13
2.28137e-10
4.41361e-13
2.28137e-10
4.41361e-13
2.28137e-10
4.41361e-13
2.28137e-10
4.41361e-13
2.28137e-10
4.41361e-13
2.28137e-10
4.41361e-13
2.28137e-10
4.41361e-13
2.28137e-10
4.41361e-13
2.28137e-10
4.41361e-13
2.28137e-10
4.41361e-13
2.28137e-10
4.41361e-13
2.28137e-10
4.41361e-13
2.28137e-10
4.41361e-13
2.28137e-10
4.41361e-13
3.64358e-09
2.28137e-10
4.41361e-13
4.41361e-13
2.28137e-10
4.41361e-13
2.28137e-10
4.41361e-13
2.28137e-10
4.41361e-13
2.28137e-10
4.41361e-13
2.28137e-10
4.41361e-13
2.28137e-10
4.41361e-13
2.28137e-10
4.41361e-13
2.28137e-10
4.41361e-13
2.28137e-10
4.41361e-13
2.28137e-10
4.41361e-13
2.28137e-10
4.41361e-13
2.28137e-10
4.41361e-13
2.28137e-10
4.41361e-13
2.28137e-10
4.41361e-13
2.28137e-10
4.41361e-13
2.28137e-10
4.41361e-13
2.28137e-10
4.41361e-13
2.28137e-10
4.41361e-13
2.28137e-10
4.41361e-13
3.64358e-09
2.28137e-10
4.41361e-13
4.41361e-13
2.28137e-10
4.41361e-13
2.28137e-10
4.41361e-13
2.28137e-10
4.41361e-13
2.28137e-10
4.41361e-13
2.28137e-10
4.41361e-13
2.28137e-10
4.41361e-13
2.28137e-10
4.41361e-13
2.28137e-10
4.41361e-13
2.28137e-10
4.41361e-13
2.28137e-10
4.41361e-13
2.28137e-10
4.41361e-13
2.24016e-10
4.41361e-13
2.24016e-10
4.41361e-13
2.24016e-10
4.41361e-13
2.24016e-10
4.41361e-13
2.24016e-10
4.41361e-13
2.24016e-10
4.41361e-13
2.24016e-10
4.41361e-13
3.57764e-09
2.24016e-10
-3.57676e-09
4.41361e-13
2.24016e-10
4.41361e-13
2.24016e-10
4.41361e-13
2.24016e-10
4.41361e-13
2.24016e-10
4.41361e-13
2.24016e-10
4.41361e-13
2.24016e-10
4.41361e-13
2.24016e-10
4.41361e-13
2.24016e-10
4.41361e-13
2.24016e-10
4.41361e-13
2.24016e-10
4.41361e-13
2.24016e-10
4.41361e-13
2.24016e-10
4.41361e-13
2.24016e-10
4.41361e-13
2.24016e-10
4.41361e-13
2.24016e-10
4.41361e-13
2.24016e-10
4.41361e-13
2.24016e-10
4.41361e-13
2.24016e-10
4.41361e-13
2.24016e-10
4.41361e-13
3.57764e-09
2.24016e-10
4.41361e-13
4.41361e-13
2.24016e-10
4.41361e-13
2.24016e-10
4.41361e-13
2.24016e-10
4.41361e-13
2.24016e-10
4.41361e-13
2.24016e-10
4.41361e-13
2.24016e-10
4.41361e-13
2.24016e-10
4.41361e-13
2.24016e-10
4.41361e-13
2.24016e-10
4.41361e-13
2.24016e-10
4.41361e-13
2.24016e-10
4.41361e-13
2.24016e-10
4.41361e-13
2.24016e-10
4.41361e-13
2.24016e-10
4.41361e-13
2.24016e-10
4.41361e-13
2.24016e-10
4.41361e-13
2.24016e-10
4.41361e-13
2.24016e-10
4.41361e-13
2.24016e-10
4.41361e-13
3.57764e-09
2.24016e-10
4.41361e-13
4.41361e-13
2.24016e-10
4.41361e-13
2.24016e-10
4.41361e-13
2.24016e-10
4.41361e-13
2.24016e-10
4.41361e-13
2.24016e-10
4.41361e-13
2.24016e-10
4.41361e-13
2.24016e-10
4.41361e-13
2.24016e-10
4.41361e-13
2.24016e-10
4.41361e-13
2.24016e-10
4.41361e-13
2.24016e-10
4.41361e-13
2.20006e-10
4.41361e-13
2.20006e-10
4.41361e-13
2.20006e-10
4.41361e-13
2.20006e-10
4.41361e-13
2.20006e-10
4.41361e-13
2.20006e-10
4.41361e-13
2.20006e-10
4.41361e-13
3.51348e-09
2.20006e-10
-3.51259e-09
4.41361e-13
2.20006e-10
4.41361e-13
2.20006e-10
4.41361e-13
2.20006e-10
4.41361e-13
2.20006e-10
4.41361e-13
2.20006e-10
4.41361e-13
2.20006e-10
4.41361e-13
2.20006e-10
4.41361e-13
2.20006e-10
4.41361e-13
2.20006e-10
4.41361e-13
2.20006e-10
4.41361e-13
2.20006e-10
4.41361e-13
2.20006e-10
4.41361e-13
2.20006e-10
4.41361e-13
2.20006e-10
4.41361e-13
2.20006e-10
4.41361e-13
2.20006e-10
4.41361e-13
2.20006e-10
4.41361e-13
2.20006e-10
4.41361e-13
2.20006e-10
4.41361e-13
3.51348e-09
2.20006e-10
4.41361e-13
4.41361e-13
2.20006e-10
4.41361e-13
2.20006e-10
4.41361e-13
2.20006e-10
4.41361e-13
2.20006e-10
4.41361e-13
2.20006e-10
4.41361e-13
2.20006e-10
4.41361e-13
2.20006e-10
4.41361e-13
2.20006e-10
4.41361e-13
2.20006e-10
4.41361e-13
2.20006e-10
4.41361e-13
2.20006e-10
4.41361e-13
2.20006e-10
4.41361e-13
2.20006e-10
4.41361e-13
2.20006e-10
4.41361e-13
2.20006e-10
4.41361e-13
2.20006e-10
4.41361e-13
2.20006e-10
4.41361e-13
2.20006e-10
4.41361e-13
2.20006e-10
4.41361e-13
3.51348e-09
2.20006e-10
4.41361e-13
4.41361e-13
2.20006e-10
4.41361e-13
2.20006e-10
4.41361e-13
2.20006e-10
4.41361e-13
2.20006e-10
4.41361e-13
2.20006e-10
4.41361e-13
2.20006e-10
4.41361e-13
2.20006e-10
4.41361e-13
2.20006e-10
4.41361e-13
2.20006e-10
4.41361e-13
2.20006e-10
4.41361e-13
2.20006e-10
4.41361e-13
2.16103e-10
4.41361e-13
2.16103e-10
4.41361e-13
2.16103e-10
4.41361e-13
2.16103e-10
4.41361e-13
2.16103e-10
4.41361e-13
2.16103e-10
4.41361e-13
2.16103e-10
4.41361e-13
3.45102e-09
2.16103e-10
-3.45014e-09
4.41361e-13
2.16103e-10
4.41361e-13
2.16103e-10
4.41361e-13
2.16103e-10
4.41361e-13
2.16103e-10
4.41361e-13
2.16103e-10
4.41361e-13
2.16103e-10
4.41361e-13
2.16103e-10
4.41361e-13
2.16103e-10
4.41361e-13
2.16103e-10
4.41361e-13
2.16103e-10
4.41361e-13
2.16103e-10
4.41361e-13
2.16103e-10
4.41361e-13
2.16103e-10
4.41361e-13
2.16103e-10
4.41361e-13
2.16103e-10
4.41361e-13
2.16103e-10
4.41361e-13
2.16103e-10
4.41361e-13
2.16103e-10
4.41361e-13
2.16103e-10
4.41361e-13
3.45102e-09
2.16103e-10
4.41361e-13
4.41361e-13
2.16103e-10
4.41361e-13
2.16103e-10
4.41361e-13
2.16103e-10
4.41361e-13
2.16103e-10
4.41361e-13
2.16103e-10
4.41361e-13
2.16103e-10
4.41361e-13
2.16103e-10
4.41361e-13
2.16103e-10
4.41361e-13
2.16103e-10
4.41361e-13
2.16103e-10
4.41361e-13
2.16103e-10
4.41361e-13
2.16103e-10
4.41361e-13
2.16103e-10
4.41361e-13
2.16103e-10
4.41361e-13
2.16103e-10
4.41361e-13
2.16103e-10
4.41361e-13
2.16103e-10
4.41361e-13
2.16103e-10
4.41361e-13
2.16103e-10
4.41361e-13
3.45102e-09
2.16103e-10
4.41361e-13
4.41361e-13
2.16103e-10
4.41361e-13
2.16103e-10
4.41361e-13
2.16103e-10
4.41361e-13
2.16103e-10
4.41361e-13
2.16103e-10
4.41361e-13
2.16103e-10
4.41361e-13
2.16103e-10
4.41361e-13
2.16103e-10
4.41361e-13
2.16103e-10
4.41361e-13
2.16103e-10
4.41361e-13
2.16103e-10
4.41361e-13
2.12303e-10
4.41361e-13
2.12303e-10
4.41361e-13
2.12303e-10
4.41361e-13
2.12303e-10
4.41361e-13
2.12303e-10
4.41361e-13
2.12303e-10
4.41361e-13
2.12303e-10
4.41361e-13
3.39022e-09
2.12303e-10
-3.38934e-09
4.41361e-13
2.12303e-10
4.41361e-13
2.12303e-10
4.41361e-13
2.12303e-10
4.41361e-13
2.12303e-10
4.41361e-13
2.12303e-10
4.41361e-13
2.12303e-10
4.41361e-13
2.12303e-10
4.41361e-13
2.12303e-10
4.41361e-13
2.12303e-10
4.41361e-13
2.12303e-10
4.41361e-13
2.12303e-10
4.41361e-13
2.12303e-10
4.41361e-13
2.12303e-10
4.41361e-13
2.12303e-10
4.41361e-13
2.12303e-10
4.41361e-13
2.12303e-10
4.41361e-13
2.12303e-10
4.41361e-13
2.12303e-10
4.41361e-13
2.12303e-10
4.41361e-13
3.39022e-09
2.12303e-10
4.41361e-13
4.41361e-13
2.12303e-10
4.41361e-13
2.12303e-10
4.41361e-13
2.12303e-10
4.41361e-13
2.12303e-10
4.41361e-13
2.12303e-10
4.41361e-13
2.12303e-10
4.41361e-13
2.12303e-10
4.41361e-13
2.12303e-10
4.41361e-13
2.12303e-10
4.41361e-13
2.12303e-10
4.41361e-13
2.12303e-10
4.41361e-13
2.12303e-10
4.41361e-13
2.12303e-10
4.41361e-13
2.12303e-10
4.41361e-13
2.12303e-10
4.41361e-13
2.12303e-10
4.41361e-13
2.12303e-10
4.41361e-13
2.12303e-10
4.41361e-13
2.12303e-10
4.41361e-13
3.39022e-09
2.12303e-10
4.41361e-13
4.41361e-13
2.12303e-10
4.41361e-13
2.12303e-10
4.41361e-13
2.12303e-10
4.41361e-13
2.12303e-10
4.41361e-13
2.12303e-10
4.41361e-13
2.12303e-10
4.41361e-13
2.12303e-10
4.41361e-13
2.12303e-10
4.41361e-13
2.12303e-10
4.41361e-13
2.12303e-10
4.41361e-13
2.12303e-10
4.41361e-13
2.08602e-10
4.41361e-13
2.08602e-10
4.41361e-13
2.08602e-10
4.41361e-13
2.08602e-10
4.41361e-13
2.08602e-10
4.41361e-13
2.08602e-10
4.41361e-13
2.08602e-10
4.41361e-13
3.33101e-09
2.08602e-10
4.41361e-13
4.41361e-13
2.08602e-10
4.41361e-13
2.08602e-10
4.41361e-13
2.08602e-10
4.41361e-13
2.08602e-10
4.41361e-13
2.08602e-10
4.41361e-13
2.08602e-10
4.41361e-13
2.08602e-10
4.41361e-13
2.08602e-10
4.41361e-13
2.08602e-10
4.41361e-13
2.08602e-10
4.41361e-13
2.08602e-10
4.41361e-13
2.08602e-10
4.41361e-13
2.08602e-10
4.41361e-13
2.08602e-10
4.41361e-13
2.08602e-10
4.41361e-13
2.08602e-10
4.41361e-13
2.08602e-10
4.41361e-13
2.08602e-10
4.41361e-13
2.08602e-10
4.41361e-13
3.33101e-09
2.08602e-10
4.41361e-13
4.41361e-13
2.08602e-10
4.41361e-13
2.08602e-10
4.41361e-13
2.08602e-10
4.41361e-13
2.08602e-10
4.41361e-13
2.08602e-10
4.41361e-13
2.08602e-10
4.41361e-13
2.08602e-10
4.41361e-13
2.08602e-10
4.41361e-13
2.08602e-10
4.41361e-13
2.08602e-10
4.41361e-13
2.08602e-10
4.41361e-13
2.08602e-10
4.41361e-13
2.08602e-10
4.41361e-13
2.08602e-10
4.41361e-13
2.08602e-10
4.41361e-13
2.08602e-10
4.41361e-13
2.08602e-10
4.41361e-13
2.08602e-10
4.41361e-13
2.08602e-10
4.41361e-13
3.33101e-09
2.08602e-10
4.41361e-13
4.41361e-13
2.08602e-10
4.41361e-13
2.08602e-10
4.41361e-13
2.08602e-10
4.41361e-13
2.08602e-10
4.41361e-13
2.08602e-10
4.41361e-13
2.08602e-10
4.41361e-13
2.08602e-10
4.41361e-13
2.08602e-10
4.41361e-13
2.08602e-10
4.41361e-13
2.08602e-10
4.41361e-13
2.08602e-10
4.41361e-13
2.04998e-10
4.41361e-13
2.04998e-10
4.41361e-13
2.04998e-10
4.41361e-13
2.04998e-10
4.41361e-13
2.04998e-10
4.41361e-13
2.04998e-10
4.41361e-13
2.04998e-10
4.41361e-13
3.27334e-09
2.04998e-10
-3.27246e-09
4.41361e-13
2.04998e-10
4.41361e-13
2.04998e-10
4.41361e-13
2.04998e-10
4.41361e-13
2.04998e-10
4.41361e-13
2.04998e-10
4.41361e-13
2.04998e-10
4.41361e-13
2.04998e-10
4.41361e-13
2.04998e-10
4.41361e-13
2.04998e-10
4.41361e-13
2.04998e-10
4.41361e-13
2.04998e-10
4.41361e-13
2.04998e-10
4.41361e-13
2.04998e-10
4.41361e-13
2.04998e-10
4.41361e-13
2.04998e-10
4.41361e-13
2.04998e-10
4.41361e-13
2.04998e-10
4.41361e-13
2.04998e-10
4.41361e-13
2.04998e-10
4.41361e-13
3.27334e-09
2.04998e-10
4.41361e-13
4.41361e-13
2.04998e-10
4.41361e-13
2.04998e-10
4.41361e-13
2.04998e-10
4.41361e-13
2.04998e-10
4.41361e-13
2.04998e-10
4.41361e-13
2.04998e-10
4.41361e-13
2.04998e-10
4.41361e-13
2.04998e-10
4.41361e-13
2.04998e-10
4.41361e-13
2.04998e-10
4.41361e-13
2.04998e-10
4.41361e-13
2.04998e-10
4.41361e-13
2.04998e-10
4.41361e-13
2.04998e-10
4.41361e-13
2.04998e-10
4.41361e-13
2.04998e-10
4.41361e-13
2.04998e-10
4.41361e-13
2.04998e-10
4.41361e-13
2.04998e-10
4.41361e-13
3.27334e-09
2.04998e-10
4.41361e-13
4.41361e-13
2.04998e-10
4.41361e-13
2.04998e-10
4.41361e-13
2.04998e-10
4.41361e-13
2.04998e-10
4.41361e-13
2.04998e-10
4.41361e-13
2.04998e-10
4.41361e-13
2.04998e-10
4.41361e-13
2.04998e-10
4.41361e-13
2.04998e-10
4.41361e-13
2.04998e-10
4.41361e-13
2.04998e-10
4.41361e-13
2.01486e-10
4.41361e-13
2.01486e-10
4.41361e-13
2.01486e-10
4.41361e-13
2.01486e-10
4.41361e-13
2.01486e-10
4.41361e-13
2.01486e-10
4.41361e-13
2.01486e-10
4.41361e-13
3.21715e-09
2.01486e-10
-3.21627e-09
4.41361e-13
2.01486e-10
4.41361e-13
2.01486e-10
4.41361e-13
2.01486e-10
4.41361e-13
2.01486e-10
4.41361e-13
2.01486e-10
4.41361e-13
2.01486e-10
4.41361e-13
2.01486e-10
4.41361e-13
2.01486e-10
4.41361e-13
2.01486e-10
4.41361e-13
2.01486e-10
4.41361e-13
2.01486e-10
4.41361e-13
2.01486e-10
4.41361e-13
2.01486e-10
4.41361e-13
2.01486e-10
4.41361e-13
2.01486e-10
4.41361e-13
2.01486e-10
4.41361e-13
2.01486e-10
4.41361e-13
2.01486e-10
4.41361e-13
2.01486e-10
4.41361e-13
3.21715e-09
2.01486e-10
4.41361e-13
4.41361e-13
2.01486e-10
4.41361e-13
2.01486e-10
4.41361e-13
2.01486e-10
4.41361e-13
2.01486e-10
4.41361e-13
2.01486e-10
4.41361e-13
2.01486e-10
4.41361e-13
2.01486e-10
4.41361e-13
2.01486e-10
4.41361e-13
2.01486e-10
4.41361e-13
2.01486e-10
4.41361e-13
2.01486e-10
4.41361e-13
2.01486e-10
4.41361e-13
2.01486e-10
4.41361e-13
2.01486e-10
4.41361e-13
2.01486e-10
4.41361e-13
2.01486e-10
4.41361e-13
2.01486e-10
4.41361e-13
2.01486e-10
4.41361e-13
2.01486e-10
4.41361e-13
3.21715e-09
2.01486e-10
4.41361e-13
4.41361e-13
2.01486e-10
4.41361e-13
2.01486e-10
4.41361e-13
2.01486e-10
4.41361e-13
2.01486e-10
4.41361e-13
2.01486e-10
4.41361e-13
2.01486e-10
4.41361e-13
2.01486e-10
4.41361e-13
2.01486e-10
4.41361e-13
2.01486e-10
4.41361e-13
2.01486e-10
4.41361e-13
2.01486e-10
4.41361e-13
1.98064e-10
4.41361e-13
1.98064e-10
4.41361e-13
1.98064e-10
4.41361e-13
1.98064e-10
4.41361e-13
1.98064e-10
4.41361e-13
1.98064e-10
4.41361e-13
1.98064e-10
4.41361e-13
3.1624e-09
1.98064e-10
-3.16152e-09
4.41361e-13
1.98064e-10
4.41361e-13
1.98064e-10
4.41361e-13
1.98064e-10
4.41361e-13
1.98064e-10
4.41361e-13
1.98064e-10
4.41361e-13
1.98064e-10
4.41361e-13
1.98064e-10
4.41361e-13
1.98064e-10
4.41361e-13
1.98064e-10
4.41361e-13
1.98064e-10
4.41361e-13
1.98064e-10
4.41361e-13
1.98064e-10
4.41361e-13
1.98064e-10
4.41361e-13
1.98064e-10
4.41361e-13
1.98064e-10
4.41361e-13
1.98064e-10
4.41361e-13
1.98064e-10
4.41361e-13
1.98064e-10
4.41361e-13
1.98064e-10
4.41361e-13
3.1624e-09
1.98064e-10
4.41361e-13
4.41361e-13
1.98064e-10
4.41361e-13
1.98064e-10
4.41361e-13
1.98064e-10
4.41361e-13
1.98064e-10
4.41361e-13
1.98064e-10
4.41361e-13
1.98064e-10
4.41361e-13
1.98064e-10
4.41361e-13
1.98064e-10
4.41361e-13
1.98064e-10
4.41361e-13
1.98064e-10
4.41361e-13
1.98064e-10
4.41361e-13
1.98064e-10
4.41361e-13
1.98064e-10
4.41361e-13
1.98064e-10
4.41361e-13
1.98064e-10
4.41361e-13
1.98064e-10
4.41361e-13
1.98064e-10
4.41361e-13
1.98064e-10
4.41361e-13
1.98064e-10
4.41361e-13
3.1624e-09
1.98064e-10
4.41361e-13
4.41361e-13
1.98064e-10
4.41361e-13
1.98064e-10
4.41361e-13
1.98064e-10
4.41361e-13
1.98064e-10
4.41361e-13
1.98064e-10
4.41361e-13
1.98064e-10
4.41361e-13
1.98064e-10
4.41361e-13
1.98064e-10
4.41361e-13
1.98064e-10
4.41361e-13
1.98064e-10
4.41361e-13
1.98064e-10
4.41361e-13
1.94729e-10
4.41361e-13
1.94729e-10
4.41361e-13
1.94729e-10
4.41361e-13
1.94729e-10
4.41361e-13
1.94729e-10
4.41361e-13
1.94729e-10
4.41361e-13
1.94729e-10
4.41361e-13
3.10904e-09
1.94729e-10
-3.10815e-09
4.41361e-13
1.94729e-10
4.41361e-13
1.94729e-10
4.41361e-13
1.94729e-10
4.41361e-13
1.94729e-10
4.41361e-13
1.94729e-10
4.41361e-13
1.94729e-10
4.41361e-13
1.94729e-10
4.41361e-13
1.94729e-10
4.41361e-13
1.94729e-10
4.41361e-13
1.94729e-10
4.41361e-13
1.94729e-10
4.41361e-13
1.94729e-10
4.41361e-13
1.94729e-10
4.41361e-13
1.94729e-10
4.41361e-13
1.94729e-10
4.41361e-13
1.94729e-10
4.41361e-13
1.94729e-10
4.41361e-13
1.94729e-10
4.41361e-13
1.94729e-10
4.41361e-13
3.10904e-09
1.94729e-10
4.41361e-13
4.41361e-13
1.94729e-10
4.41361e-13
1.94729e-10
4.41361e-13
1.94729e-10
4.41361e-13
1.94729e-10
4.41361e-13
1.94729e-10
4.41361e-13
1.94729e-10
4.41361e-13
1.94729e-10
4.41361e-13
1.94729e-10
4.41361e-13
1.94729e-10
4.41361e-13
1.94729e-10
4.41361e-13
1.94729e-10
4.41361e-13
1.94729e-10
4.41361e-13
1.94729e-10
4.41361e-13
1.94729e-10
4.41361e-13
1.94729e-10
4.41361e-13
1.94729e-10
4.41361e-13
1.94729e-10
4.41361e-13
1.94729e-10
4.41361e-13
1.94729e-10
4.41361e-13
3.10904e-09
1.94729e-10
4.41361e-13
4.41361e-13
1.94729e-10
4.41361e-13
1.94729e-10
4.41361e-13
1.94729e-10
4.41361e-13
1.94729e-10
4.41361e-13
1.94729e-10
4.41361e-13
1.94729e-10
4.41361e-13
1.94729e-10
4.41361e-13
1.94729e-10
4.41361e-13
1.94729e-10
4.41361e-13
1.94729e-10
4.41361e-13
1.94729e-10
4.41361e-13
1.91477e-10
4.41361e-13
1.91477e-10
4.41361e-13
1.91477e-10
4.41361e-13
1.91477e-10
4.41361e-13
1.91477e-10
4.41361e-13
1.91477e-10
4.41361e-13
1.91477e-10
4.41361e-13
3.05701e-09
1.91477e-10
-3.05613e-09
4.41361e-13
1.91477e-10
4.41361e-13
1.91477e-10
4.41361e-13
1.91477e-10
4.41361e-13
1.91477e-10
4.41361e-13
1.91477e-10
4.41361e-13
1.91477e-10
4.41361e-13
1.91477e-10
4.41361e-13
1.91477e-10
4.41361e-13
1.91477e-10
4.41361e-13
1.91477e-10
4.41361e-13
1.91477e-10
4.41361e-13
1.91477e-10
4.41361e-13
1.91477e-10
4.41361e-13
1.91477e-10
4.41361e-13
1.91477e-10
4.41361e-13
1.91477e-10
4.41361e-13
1.91477e-10
4.41361e-13
1.91477e-10
4.41361e-13
1.91477e-10
4.41361e-13
3.05701e-09
1.91477e-10
4.41361e-13
4.41361e-13
1.91477e-10
4.41361e-13
1.91477e-10
4.41361e-13
1.91477e-10
4.41361e-13
1.91477e-10
4.41361e-13
1.91477e-10
4.41361e-13
1.91477e-10
4.41361e-13
1.91477e-10
4.41361e-13
1.91477e-10
4.41361e-13
1.91477e-10
4.41361e-13
1.91477e-10
4.41361e-13
1.91477e-10
4.41361e-13
1.91477e-10
4.41361e-13
1.91477e-10
4.41361e-13
1.91477e-10
4.41361e-13
1.91477e-10
4.41361e-13
1.91477e-10
4.41361e-13
1.91477e-10
4.41361e-13
1.91477e-10
4.41361e-13
1.91477e-10
4.41361e-13
3.05701e-09
1.91477e-10
4.41361e-13
4.41361e-13
1.91477e-10
4.41361e-13
1.91477e-10
4.41361e-13
1.91477e-10
4.41361e-13
1.91477e-10
4.41361e-13
1.91477e-10
4.41361e-13
1.91477e-10
4.41361e-13
1.91477e-10
4.41361e-13
1.91477e-10
4.41361e-13
1.91477e-10
4.41361e-13
1.91477e-10
4.41361e-13
1.91477e-10
4.41361e-13
1.88306e-10
4.41361e-13
1.88306e-10
4.41361e-13
1.88306e-10
4.41361e-13
1.88306e-10
4.41361e-13
1.88306e-10
4.41361e-13
1.88306e-10
4.41361e-13
1.88306e-10
4.41361e-13
3.00628e-09
1.88306e-10
-3.0054e-09
4.41361e-13
1.88306e-10
4.41361e-13
1.88306e-10
4.41361e-13
1.88306e-10
4.41361e-13
1.88306e-10
4.41361e-13
1.88306e-10
4.41361e-13
1.88306e-10
4.41361e-13
1.88306e-10
4.41361e-13
1.88306e-10
4.41361e-13
1.88306e-10
4.41361e-13
1.88306e-10
4.41361e-13
1.88306e-10
4.41361e-13
1.88306e-10
4.41361e-13
1.88306e-10
4.41361e-13
1.88306e-10
4.41361e-13
1.88306e-10
4.41361e-13
1.88306e-10
4.41361e-13
1.88306e-10
4.41361e-13
1.88306e-10
4.41361e-13
1.88306e-10
4.41361e-13
3.00628e-09
1.88306e-10
4.41361e-13
4.41361e-13
1.88306e-10
4.41361e-13
1.88306e-10
4.41361e-13
1.88306e-10
4.41361e-13
1.88306e-10
4.41361e-13
1.88306e-10
4.41361e-13
1.88306e-10
4.41361e-13
1.88306e-10
4.41361e-13
1.88306e-10
4.41361e-13
1.88306e-10
4.41361e-13
1.88306e-10
4.41361e-13
1.88306e-10
4.41361e-13
1.88306e-10
4.41361e-13
1.88306e-10
4.41361e-13
1.88306e-10
4.41361e-13
1.88306e-10
4.41361e-13
1.88306e-10
4.41361e-13
1.88306e-10
4.41361e-13
1.88306e-10
4.41361e-13
1.88306e-10
4.41361e-13
3.00628e-09
1.88306e-10
4.41361e-13
4.41361e-13
1.88306e-10
4.41361e-13
1.88306e-10
4.41361e-13
1.88306e-10
4.41361e-13
1.88306e-10
4.41361e-13
1.88306e-10
4.41361e-13
1.88306e-10
4.41361e-13
1.88306e-10
4.41361e-13
1.88306e-10
4.41361e-13
1.88306e-10
4.41361e-13
1.88306e-10
4.41361e-13
1.88306e-10
4.41361e-13
1.85214e-10
4.41361e-13
1.85214e-10
4.41361e-13
1.85214e-10
4.41361e-13
1.85214e-10
4.41361e-13
1.85214e-10
4.41361e-13
1.85214e-10
4.41361e-13
1.85214e-10
4.41361e-13
2.9568e-09
1.85214e-10
-2.95592e-09
4.41361e-13
1.85214e-10
4.41361e-13
1.85214e-10
4.41361e-13
1.85214e-10
4.41361e-13
1.85214e-10
4.41361e-13
1.85214e-10
4.41361e-13
1.85214e-10
4.41361e-13
1.85214e-10
4.41361e-13
1.85214e-10
4.41361e-13
1.85214e-10
4.41361e-13
1.85214e-10
4.41361e-13
1.85214e-10
4.41361e-13
1.85214e-10
4.41361e-13
1.85214e-10
4.41361e-13
1.85214e-10
4.41361e-13
1.85214e-10
4.41361e-13
1.85214e-10
4.41361e-13
1.85214e-10
4.41361e-13
1.85214e-10
4.41361e-13
1.85214e-10
4.41361e-13
2.9568e-09
1.85214e-10
4.41361e-13
4.41361e-13
1.85214e-10
4.41361e-13
1.85214e-10
4.41361e-13
1.85214e-10
4.41361e-13
1.85214e-10
4.41361e-13
1.85214e-10
4.41361e-13
1.85214e-10
4.41361e-13
1.85214e-10
4.41361e-13
1.85214e-10
4.41361e-13
1.85214e-10
4.41361e-13
1.85214e-10
4.41361e-13
1.85214e-10
4.41361e-13
1.85214e-10
4.41361e-13
1.85214e-10
4.41361e-13
1.85214e-10
4.41361e-13
1.85214e-10
4.41361e-13
1.85214e-10
4.41361e-13
1.85214e-10
4.41361e-13
1.85214e-10
4.41361e-13
1.85214e-10
4.41361e-13
2.9568e-09
1.85214e-10
4.41361e-13
4.41361e-13
1.85214e-10
4.41361e-13
1.85214e-10
4.41361e-13
1.85214e-10
4.41361e-13
1.85214e-10
4.41361e-13
1.85214e-10
4.41361e-13
1.85214e-10
4.41361e-13
1.85214e-10
4.41361e-13
1.85214e-10
4.41361e-13
1.85214e-10
4.41361e-13
1.85214e-10
4.41361e-13
1.85214e-10
4.41361e-13
1.82197e-10
4.41361e-13
1.82197e-10
4.41361e-13
1.82197e-10
4.41361e-13
1.82197e-10
4.41361e-13
1.82197e-10
4.41361e-13
1.82197e-10
4.41361e-13
1.82197e-10
4.41361e-13
2.90854e-09
1.82197e-10
-2.90765e-09
4.41361e-13
1.82197e-10
4.41361e-13
1.82197e-10
4.41361e-13
1.82197e-10
4.41361e-13
1.82197e-10
4.41361e-13
1.82197e-10
4.41361e-13
1.82197e-10
4.41361e-13
1.82197e-10
4.41361e-13
1.82197e-10
4.41361e-13
1.82197e-10
4.41361e-13
1.82197e-10
4.41361e-13
1.82197e-10
4.41361e-13
1.82197e-10
4.41361e-13
1.82197e-10
4.41361e-13
1.82197e-10
4.41361e-13
1.82197e-10
4.41361e-13
1.82197e-10
4.41361e-13
1.82197e-10
4.41361e-13
1.82197e-10
4.41361e-13
1.82197e-10
4.41361e-13
2.90854e-09
1.82197e-10
4.41361e-13
4.41361e-13
1.82197e-10
4.41361e-13
1.82197e-10
4.41361e-13
1.82197e-10
4.41361e-13
1.82197e-10
4.41361e-13
1.82197e-10
4.41361e-13
1.82197e-10
4.41361e-13
1.82197e-10
4.41361e-13
1.82197e-10
4.41361e-13
1.82197e-10
4.41361e-13
1.82197e-10
4.41361e-13
1.82197e-10
4.41361e-13
1.82197e-10
4.41361e-13
1.82197e-10
4.41361e-13
1.82197e-10
4.41361e-13
1.82197e-10
4.41361e-13
1.82197e-10
4.41361e-13
1.82197e-10
4.41361e-13
1.82197e-10
4.41361e-13
1.82197e-10
4.41361e-13
2.90854e-09
1.82197e-10
4.41361e-13
4.41361e-13
1.82197e-10
4.41361e-13
1.82197e-10
4.41361e-13
1.82197e-10
4.41361e-13
1.82197e-10
4.41361e-13
1.82197e-10
4.41361e-13
1.82197e-10
4.41361e-13
1.82197e-10
4.41361e-13
1.82197e-10
4.41361e-13
1.82197e-10
4.41361e-13
1.82197e-10
4.41361e-13
1.82197e-10
4.41361e-13
1.79254e-10
4.41361e-13
1.79254e-10
4.41361e-13
1.79254e-10
4.41361e-13
1.79254e-10
4.41361e-13
1.79254e-10
4.41361e-13
1.79254e-10
4.41361e-13
1.79254e-10
4.41361e-13
2.86144e-09
1.79254e-10
-2.86056e-09
4.41361e-13
1.79254e-10
4.41361e-13
1.79254e-10
4.41361e-13
1.79254e-10
4.41361e-13
1.79254e-10
4.41361e-13
1.79254e-10
4.41361e-13
1.79254e-10
4.41361e-13
1.79254e-10
4.41361e-13
1.79254e-10
4.41361e-13
1.79254e-10
4.41361e-13
1.79254e-10
4.41361e-13
1.79254e-10
4.41361e-13
1.79254e-10
4.41361e-13
1.79254e-10
4.41361e-13
1.79254e-10
4.41361e-13
1.79254e-10
4.41361e-13
1.79254e-10
4.41361e-13
1.79254e-10
4.41361e-13
1.79254e-10
4.41361e-13
1.79254e-10
4.41361e-13
2.86144e-09
1.79254e-10
4.41361e-13
4.41361e-13
1.79254e-10
4.41361e-13
1.79254e-10
4.41361e-13
1.79254e-10
4.41361e-13
1.79254e-10
4.41361e-13
1.79254e-10
4.41361e-13
1.79254e-10
4.41361e-13
1.79254e-10
4.41361e-13
1.79254e-10
4.41361e-13
1.79254e-10
4.41361e-13
1.79254e-10
4.41361e-13
1.79254e-10
4.41361e-13
1.79254e-10
4.41361e-13
1.79254e-10
4.41361e-13
1.79254e-10
4.41361e-13
1.79254e-10
4.41361e-13
1.79254e-10
4.41361e-13
1.79254e-10
4.41361e-13
1.79254e-10
4.41361e-13
1.79254e-10
4.41361e-13
2.86144e-09
1.79254e-10
4.41361e-13
4.41361e-13
1.79254e-10
4.41361e-13
1.79254e-10
4.41361e-13
1.79254e-10
4.41361e-13
1.79254e-10
4.41361e-13
1.79254e-10
4.41361e-13
1.79254e-10
4.41361e-13
1.79254e-10
4.41361e-13
1.79254e-10
4.41361e-13
1.79254e-10
4.41361e-13
1.79254e-10
4.41361e-13
1.79254e-10
4.41361e-13
1.76382e-10
4.41361e-13
1.76382e-10
4.41361e-13
1.76382e-10
4.41361e-13
1.76382e-10
4.41361e-13
1.76382e-10
4.41361e-13
1.76382e-10
4.41361e-13
1.76382e-10
4.41361e-13
2.81548e-09
1.76382e-10
-2.8146e-09
4.41361e-13
1.76382e-10
4.41361e-13
1.76382e-10
4.41361e-13
1.76382e-10
4.41361e-13
1.76382e-10
4.41361e-13
1.76382e-10
4.41361e-13
1.76382e-10
4.41361e-13
1.76382e-10
4.41361e-13
1.76382e-10
4.41361e-13
1.76382e-10
4.41361e-13
1.76382e-10
4.41361e-13
1.76382e-10
4.41361e-13
1.76382e-10
4.41361e-13
1.76382e-10
4.41361e-13
1.76382e-10
4.41361e-13
1.76382e-10
4.41361e-13
1.76382e-10
4.41361e-13
1.76382e-10
4.41361e-13
1.76382e-10
4.41361e-13
1.76382e-10
4.41361e-13
2.81548e-09
1.76382e-10
4.41361e-13
4.41361e-13
1.76382e-10
4.41361e-13
1.76382e-10
4.41361e-13
1.76382e-10
4.41361e-13
1.76382e-10
4.41361e-13
1.76382e-10
4.41361e-13
1.76382e-10
4.41361e-13
1.76382e-10
4.41361e-13
1.76382e-10
4.41361e-13
1.76382e-10
4.41361e-13
1.76382e-10
4.41361e-13
1.76382e-10
4.41361e-13
1.76382e-10
4.41361e-13
1.76382e-10
4.41361e-13
1.76382e-10
4.41361e-13
1.76382e-10
4.41361e-13
1.76382e-10
4.41361e-13
1.76382e-10
4.41361e-13
1.76382e-10
4.41361e-13
1.76382e-10
4.41361e-13
2.81548e-09
1.76382e-10
4.41361e-13
4.41361e-13
1.76382e-10
4.41361e-13
1.76382e-10
4.41361e-13
1.76382e-10
4.41361e-13
1.76382e-10
4.41361e-13
1.76382e-10
4.41361e-13
1.76382e-10
4.41361e-13
1.76382e-10
4.41361e-13
1.76382e-10
4.41361e-13
1.76382e-10
4.41361e-13
1.76382e-10
4.41361e-13
1.76382e-10
4.41361e-13
1.73578e-10
4.41361e-13
1.73578e-10
4.41361e-13
1.73578e-10
4.41361e-13
1.73578e-10
4.41361e-13
1.73578e-10
4.41361e-13
1.73578e-10
4.41361e-13
1.73578e-10
4.41361e-13
2.77062e-09
1.73578e-10
-2.76974e-09
4.41361e-13
1.73578e-10
4.41361e-13
1.73578e-10
4.41361e-13
1.73578e-10
4.41361e-13
1.73578e-10
4.41361e-13
1.73578e-10
4.41361e-13
1.73578e-10
4.41361e-13
1.73578e-10
4.41361e-13
1.73578e-10
4.41361e-13
1.73578e-10
4.41361e-13
1.73578e-10
4.41361e-13
1.73578e-10
4.41361e-13
1.73578e-10
4.41361e-13
1.73578e-10
4.41361e-13
1.73578e-10
4.41361e-13
1.73578e-10
4.41361e-13
1.73578e-10
4.41361e-13
1.73578e-10
4.41361e-13
1.73578e-10
4.41361e-13
1.73578e-10
4.41361e-13
2.77062e-09
1.73578e-10
4.41361e-13
4.41361e-13
1.73578e-10
4.41361e-13
1.73578e-10
4.41361e-13
1.73578e-10
4.41361e-13
1.73578e-10
4.41361e-13
1.73578e-10
4.41361e-13
1.73578e-10
4.41361e-13
1.73578e-10
4.41361e-13
1.73578e-10
4.41361e-13
1.73578e-10
4.41361e-13
1.73578e-10
4.41361e-13
1.73578e-10
4.41361e-13
1.73578e-10
4.41361e-13
1.73578e-10
4.41361e-13
1.73578e-10
4.41361e-13
1.73578e-10
4.41361e-13
1.73578e-10
4.41361e-13
1.73578e-10
4.41361e-13
1.73578e-10
4.41361e-13
1.73578e-10
4.41361e-13
2.77062e-09
1.73578e-10
4.41361e-13
4.41361e-13
1.73578e-10
4.41361e-13
1.73578e-10
4.41361e-13
1.73578e-10
4.41361e-13
1.73578e-10
4.41361e-13
1.73578e-10
4.41361e-13
1.73578e-10
4.41361e-13
1.73578e-10
4.41361e-13
1.73578e-10
4.41361e-13
1.73578e-10
4.41361e-13
1.73578e-10
4.41361e-13
1.73578e-10
4.41361e-13
1.7084e-10
4.41361e-13
1.7084e-10
4.41361e-13
1.7084e-10
4.41361e-13
1.7084e-10
4.41361e-13
1.7084e-10
4.41361e-13
1.7084e-10
4.41361e-13
1.7084e-10
4.41361e-13
2.72683e-09
1.7084e-10
-2.72594e-09
4.41361e-13
1.7084e-10
4.41361e-13
1.7084e-10
4.41361e-13
1.7084e-10
4.41361e-13
1.7084e-10
4.41361e-13
1.7084e-10
4.41361e-13
1.7084e-10
4.41361e-13
1.7084e-10
4.41361e-13
1.7084e-10
4.41361e-13
1.7084e-10
4.41361e-13
1.7084e-10
4.41361e-13
1.7084e-10
4.41361e-13
1.7084e-10
4.41361e-13
1.7084e-10
4.41361e-13
1.7084e-10
4.41361e-13
1.7084e-10
4.41361e-13
1.7084e-10
4.41361e-13
1.7084e-10
4.41361e-13
1.7084e-10
4.41361e-13
1.7084e-10
4.41361e-13
2.72683e-09
1.7084e-10
4.41361e-13
4.41361e-13
1.7084e-10
4.41361e-13
1.7084e-10
4.41361e-13
1.7084e-10
4.41361e-13
1.7084e-10
4.41361e-13
1.7084e-10
4.41361e-13
1.7084e-10
4.41361e-13
1.7084e-10
4.41361e-13
1.7084e-10
4.41361e-13
1.7084e-10
4.41361e-13
1.7084e-10
4.41361e-13
1.7084e-10
4.41361e-13
1.7084e-10
4.41361e-13
1.7084e-10
4.41361e-13
1.7084e-10
4.41361e-13
1.7084e-10
4.41361e-13
1.7084e-10
4.41361e-13
1.7084e-10
4.41361e-13
1.7084e-10
4.41361e-13
1.7084e-10
4.41361e-13
2.72683e-09
1.7084e-10
4.41361e-13
4.41361e-13
1.7084e-10
4.41361e-13
1.7084e-10
4.41361e-13
1.7084e-10
4.41361e-13
1.7084e-10
4.41361e-13
1.7084e-10
4.41361e-13
1.7084e-10
4.41361e-13
1.7084e-10
4.41361e-13
1.7084e-10
4.41361e-13
1.7084e-10
4.41361e-13
1.7084e-10
4.41361e-13
1.7084e-10
4.41361e-13
1.68168e-10
4.41361e-13
1.68168e-10
4.41361e-13
1.68168e-10
4.41361e-13
1.68168e-10
4.41361e-13
1.68168e-10
4.41361e-13
1.68168e-10
4.41361e-13
1.68168e-10
4.41361e-13
2.68406e-09
1.68168e-10
-2.68318e-09
4.41361e-13
1.68168e-10
4.41361e-13
1.68168e-10
4.41361e-13
1.68168e-10
4.41361e-13
1.68168e-10
4.41361e-13
1.68168e-10
4.41361e-13
1.68168e-10
4.41361e-13
1.68168e-10
4.41361e-13
1.68168e-10
4.41361e-13
1.68168e-10
4.41361e-13
1.68168e-10
4.41361e-13
1.68168e-10
4.41361e-13
1.68168e-10
4.41361e-13
1.68168e-10
4.41361e-13
1.68168e-10
4.41361e-13
1.68168e-10
4.41361e-13
1.68168e-10
4.41361e-13
1.68168e-10
4.41361e-13
1.68168e-10
4.41361e-13
1.68168e-10
4.41361e-13
2.68406e-09
1.68168e-10
4.41361e-13
4.41361e-13
1.68168e-10
4.41361e-13
1.68168e-10
4.41361e-13
1.68168e-10
4.41361e-13
1.68168e-10
4.41361e-13
1.68168e-10
4.41361e-13
1.68168e-10
4.41361e-13
1.68168e-10
4.41361e-13
1.68168e-10
4.41361e-13
1.68168e-10
4.41361e-13
1.68168e-10
4.41361e-13
1.68168e-10
4.41361e-13
1.68168e-10
4.41361e-13
1.68168e-10
4.41361e-13
1.68168e-10
4.41361e-13
1.68168e-10
4.41361e-13
1.68168e-10
4.41361e-13
1.68168e-10
4.41361e-13
1.68168e-10
4.41361e-13
1.68168e-10
4.41361e-13
2.68406e-09
1.68168e-10
4.41361e-13
4.41361e-13
1.68168e-10
4.41361e-13
1.68168e-10
4.41361e-13
1.68168e-10
4.41361e-13
1.68168e-10
4.41361e-13
1.68168e-10
4.41361e-13
1.68168e-10
4.41361e-13
1.68168e-10
4.41361e-13
1.68168e-10
4.41361e-13
1.68168e-10
4.41361e-13
1.68168e-10
4.41361e-13
1.68168e-10
4.41361e-13
1.65557e-10
4.41361e-13
1.65557e-10
4.41361e-13
1.65557e-10
4.41361e-13
1.65557e-10
4.41361e-13
1.65557e-10
4.41361e-13
1.65557e-10
4.41361e-13
1.65557e-10
4.41361e-13
2.64229e-09
1.65557e-10
-2.64141e-09
4.41361e-13
1.65557e-10
4.41361e-13
1.65557e-10
4.41361e-13
1.65557e-10
4.41361e-13
1.65557e-10
4.41361e-13
1.65557e-10
4.41361e-13
1.65557e-10
4.41361e-13
1.65557e-10
4.41361e-13
1.65557e-10
4.41361e-13
1.65557e-10
4.41361e-13
1.65557e-10
4.41361e-13
1.65557e-10
4.41361e-13
1.65557e-10
4.41361e-13
1.65557e-10
4.41361e-13
1.65557e-10
4.41361e-13
1.65557e-10
4.41361e-13
1.65557e-10
4.41361e-13
1.65557e-10
4.41361e-13
1.65557e-10
4.41361e-13
1.65557e-10
4.41361e-13
2.64229e-09
1.65557e-10
4.41361e-13
4.41361e-13
1.65557e-10
4.41361e-13
1.65557e-10
4.41361e-13
1.65557e-10
4.41361e-13
1.65557e-10
4.41361e-13
1.65557e-10
4.41361e-13
1.65557e-10
4.41361e-13
1.65557e-10
4.41361e-13
1.65557e-10
4.41361e-13
1.65557e-10
4.41361e-13
1.65557e-10
4.41361e-13
1.65557e-10
4.41361e-13
1.65557e-10
4.41361e-13
1.65557e-10
4.41361e-13
1.65557e-10
4.41361e-13
1.65557e-10
4.41361e-13
1.65557e-10
4.41361e-13
1.65557e-10
4.41361e-13
1.65557e-10
4.41361e-13
1.65557e-10
4.41361e-13
2.64229e-09
1.65557e-10
4.41361e-13
4.41361e-13
1.65557e-10
4.41361e-13
1.65557e-10
4.41361e-13
1.65557e-10
4.41361e-13
1.65557e-10
4.41361e-13
1.65557e-10
4.41361e-13
1.65557e-10
4.41361e-13
1.65557e-10
4.41361e-13
1.65557e-10
4.41361e-13
1.65557e-10
4.41361e-13
1.65557e-10
4.41361e-13
1.65557e-10
4.41361e-13
1.63007e-10
4.41361e-13
1.63007e-10
4.41361e-13
1.63007e-10
4.41361e-13
1.63007e-10
4.41361e-13
1.63007e-10
4.41361e-13
1.63007e-10
4.41361e-13
1.63007e-10
4.41361e-13
2.60149e-09
1.63007e-10
-2.60061e-09
4.41361e-13
1.63007e-10
4.41361e-13
1.63007e-10
4.41361e-13
1.63007e-10
4.41361e-13
1.63007e-10
4.41361e-13
1.63007e-10
4.41361e-13
1.63007e-10
4.41361e-13
1.63007e-10
4.41361e-13
1.63007e-10
4.41361e-13
1.63007e-10
4.41361e-13
1.63007e-10
4.41361e-13
1.63007e-10
4.41361e-13
1.63007e-10
4.41361e-13
1.63007e-10
4.41361e-13
1.63007e-10
4.41361e-13
1.63007e-10
4.41361e-13
1.63007e-10
4.41361e-13
1.63007e-10
4.41361e-13
1.63007e-10
4.41361e-13
1.63007e-10
4.41361e-13
2.60149e-09
1.63007e-10
4.41361e-13
4.41361e-13
1.63007e-10
4.41361e-13
1.63007e-10
4.41361e-13
1.63007e-10
4.41361e-13
1.63007e-10
4.41361e-13
1.63007e-10
4.41361e-13
1.63007e-10
4.41361e-13
1.63007e-10
4.41361e-13
1.63007e-10
4.41361e-13
1.63007e-10
4.41361e-13
1.63007e-10
4.41361e-13
1.63007e-10
4.41361e-13
1.63007e-10
4.41361e-13
1.63007e-10
4.41361e-13
1.63007e-10
4.41361e-13
1.63007e-10
4.41361e-13
1.63007e-10
4.41361e-13
1.63007e-10
4.41361e-13
1.63007e-10
4.41361e-13
1.63007e-10
4.41361e-13
2.60149e-09
1.63007e-10
4.41361e-13
4.41361e-13
1.63007e-10
4.41361e-13
1.63007e-10
4.41361e-13
1.63007e-10
4.41361e-13
1.63007e-10
4.41361e-13
1.63007e-10
4.41361e-13
1.63007e-10
4.41361e-13
1.63007e-10
4.41361e-13
1.63007e-10
4.41361e-13
1.63007e-10
4.41361e-13
1.63007e-10
4.41361e-13
1.63007e-10
4.41361e-13
